1549988100000,13-0014,18875500084,1,13,0755,2019,2,13,0,15
1549988100000,13-0008,18875500139,1,13,0755,2019,2,13,0,15
1549988100000,14-0017,18875500280,1,13,0755,2019,2,13,0,15
1549988100000,23-0005,18875500313,2,13,020,2019,2,13,0,15
1549988100000,21-0003,18875500363,1,13,0755,2019,2,13,0,15
1549988100000,13-0010,18875500389,1,13,0755,2019,2,13,0,15
1549988100000,21-0014,18875500418,2,13,0757,2019,2,13,0,15
1549988100000,19-0010,18875500645,1,13,0755,2019,2,13,0,15
1549988100000,24-0011,18875500653,1,13,0755,2019,2,13,0,15
1549988100000,15-0001,18875500719,1,13,0755,2019,2,13,0,15
1549988100000,21-0006,18875500756,1,13,0755,2019,2,13,0,15
1549988100000,24-0002,18875500757,1,13,0755,2019,2,13,0,15
1549988100000,7-0011,18875500759,1,13,0755,2019,2,13,0,15
1549988100000,21-0014,18875500763,1,13,0755,2019,2,13,0,15
1549988100000,14-0003,18875500814,2,13,0750,2019,2,13,0,15
1549988100000,13-0011,18875500855,1,13,0755,2019,2,13,0,15
1549988100000,5-0019,18875500878,1,13,0755,2019,2,13,0,15
1549988100000,7-0017,18875500892,1,13,0755,2019,2,13,0,15
1549988100000,14-0004,18875500976,1,13,0755,2019,2,13,0,15
1549988100000,21-0006,18875500981,1,13,0755,2019,2,13,0,15
1549988100000,12-0004,18875501003,3,11,0,2019,2,13,0,15
1549988100000,6-0012,18875501032,1,13,0755,2019,2,13,0,15
1549988100000,15-0014,18875501103,3,11,0,2019,2,13,0,15
1549988100000,21-0005,18875501121,1,13,0755,2019,2,13,0,15
1549988100000,11-0007,18875501123,1,13,0755,2019,2,13,0,15
1549988100000,8-0019,18875501146,1,13,0755,2019,2,13,0,15
1549988100000,15-0000,18875501199,1,13,0755,2019,2,13,0,15
1549988100000,4-0009,18875501278,1,13,0755,2019,2,13,0,15
1549988100000,19-0011,18875501386,1,13,0755,2019,2,13,0,15
1549988100000,24-0016,18875501478,1,13,0755,2019,2,13,0,15
1549988100000,16-0003,18875501525,1,13,0755,2019,2,13,0,15
1549988100000,10-0004,18875501528,1,13,0755,2019,2,13,0,15
1549988100000,20-0010,18875501569,1,13,0755,2019,2,13,0,15
1549988100000,8-0000,18875501607,3,22,0,2019,2,13,0,15
1549988100000,24-0004,18875501659,1,13,0755,2019,2,13,0,15
1549988100000,18-0001,18875501773,1,13,0755,2019,2,13,0,15
1549988100000,9-0000,18875501784,1,13,0755,2019,2,13,0,15
1549988100000,4-0009,18875501838,1,13,0755,2019,2,13,0,15
1549988100000,8-0000,18875501874,1,13,0755,2019,2,13,0,15
1549988100000,18-0012,18875501897,1,13,0755,2019,2,13,0,15
1549988100000,23-0015,18875501914,2,13,0750,2019,2,13,0,15
1549988100000,24-0012,18875501917,2,13,0752,2019,2,13,0,15
1549988100000,21-0005,18875501927,1,13,0755,2019,2,13,0,15
1549988100000,7-0000,18875502008,3,24,0,2019,2,13,0,15
1549988100000,12-0012,18875502014,2,13,0750,2019,2,13,0,15
1549988100000,5-0007,18875502083,1,13,0755,2019,2,13,0,15
1549988100000,19-0014,18875502126,1,13,0755,2019,2,13,0,15
1549988100000,24-0000,18875502171,1,13,0755,2019,2,13,0,15
1549988100000,21-0002,18875502223,1,13,0755,2019,2,13,0,15
1549988100000,8-0003,18875502251,1,13,0755,2019,2,13,0,15
1549988100000,19-0010,18875502264,1,13,0755,2019,2,13,0,15
1549988100000,16-0018,18875502284,1,13,0755,2019,2,13,0,15
1549988100000,23-0018,18875502289,1,13,0755,2019,2,13,0,15
1549988100000,13-0012,18875502296,1,13,0755,2019,2,13,0,15
1549988100000,12-0016,18875502314,2,13,0750,2019,2,13,0,15
1549988100000,21-0004,18875502325,1,13,0755,2019,2,13,0,15
1549988100000,5-0001,18875502366,1,13,0755,2019,2,13,0,15
1549988100000,21-0013,18875502384,1,13,0755,2019,2,13,0,15
1549988100000,20-0012,18875502441,1,13,0755,2019,2,13,0,15
1549988100000,12-0018,18875502626,1,13,0755,2019,2,13,0,15
1549988100000,16-0006,18875502679,1,13,0755,2019,2,13,0,15
1549988100000,21-0019,18875502807,3,22,0,2019,2,13,0,15
1549988100000,7-0013,18875502855,1,13,0755,2019,2,13,0,15
1549988100000,17-0001,18875502886,1,13,0755,2019,2,13,0,15
1549988100000,18-0005,18875502914,2,13,0750,2019,2,13,0,15
1549988100000,6-0006,18875502962,1,13,0755,2019,2,13,0,15
1549988100000,6-0017,18875502996,1,13,0755,2019,2,13,0,15
1549988100000,22-0000,18875503032,1,13,0755,2019,2,13,0,15
1549988100000,16-0005,18875503043,1,13,0755,2019,2,13,0,15
1549988100000,7-0014,18875503050,0,0,0,2019,2,13,0,15
1549988100000,24-0005,18875503114,2,13,0750,2019,2,13,0,15
1549988100000,23-0019,18875503116,2,13,0753,2019,2,13,0,15
1549988100000,15-0003,18875503144,1,13,0755,2019,2,13,0,15
1549988100000,16-0005,18875503171,1,13,0755,2019,2,13,0,15
1549988100000,6-0011,18875503197,1,13,0755,2019,2,13,0,15
1549988100000,16-0014,18875503291,1,13,0755,2019,2,13,0,15
1549988100000,22-0014,18875503349,1,13,0755,2019,2,13,0,15
1549988100000,23-0014,18875503475,1,13,0755,2019,2,13,0,15
1549988100000,11-0013,18875503549,1,13,0755,2019,2,13,0,15
1549988100000,5-0002,18875503602,3,10,0,2019,2,13,0,15
1549988100000,16-0005,18875503605,3,14,0,2019,2,13,0,15
1549988100000,10-0019,18875503672,1,13,0755,2019,2,13,0,15
1549988100000,13-0000,18875503690,1,13,0755,2019,2,13,0,15
1549988100000,12-0010,18875503714,2,13,0750,2019,2,13,0,15
1549988100000,19-0000,18875503723,1,13,0755,2019,2,13,0,15
1549988100000,5-0001,18875503851,1,13,0755,2019,2,13,0,15
1549988100000,24-0012,18875503871,1,13,0755,2019,2,13,0,15
1549988100000,24-0004,18875503898,1,13,0755,2019,2,13,0,15
1549988100000,16-0000,18875503926,1,13,0755,2019,2,13,0,15
1549988100000,13-0003,18875503932,1,13,0755,2019,2,13,0,15
1549988100000,5-0016,18875503937,1,13,0755,2019,2,13,0,15
1549988100000,14-0004,18875503950,0,0,0,2019,2,13,0,15
1549988100000,12-0014,18875503954,1,13,0755,2019,2,13,0,15
1549988100000,17-0004,18875504026,1,13,0755,2019,2,13,0,15
1549988100000,18-0014,18875504103,3,11,0,2019,2,13,0,15
1549988100000,20-0017,18875504114,2,13,0750,2019,2,13,0,15
1549988100000,14-0009,18875504136,1,13,0755,2019,2,13,0,15
1549988100000,15-0003,18875504160,1,13,0755,2019,2,13,0,15
1549988100000,15-0009,18875504299,1,13,0755,2019,2,13,0,15
1549988100000,24-0010,18875504303,3,11,0,2019,2,13,0,15
1549988100000,20-0019,18875504314,2,13,0750,2019,2,13,0,15
1549988100000,7-0005,18875504350,0,0,0,2019,2,13,0,15
1549988100000,11-0010,18875504448,1,13,0755,2019,2,13,0,15
1549988100000,6-0005,18875504515,2,13,0758,2019,2,13,0,15
1549988100000,7-0011,18875504520,1,13,0755,2019,2,13,0,15
1549988100000,14-0002,18875504553,1,13,0755,2019,2,13,0,15
1549988100000,7-0016,18875504627,1,13,0755,2019,2,13,0,15
1549988100000,9-0004,18875504641,1,13,0755,2019,2,13,0,15
1549988100000,16-0009,18875504666,1,13,0755,2019,2,13,0,15
1549988100000,15-0012,18875504687,1,13,0755,2019,2,13,0,15
1549988100000,6-0018,18875504819,1,13,0755,2019,2,13,0,15
1549988100000,8-0008,18875504880,1,13,0755,2019,2,13,0,15
1549988100000,4-0004,18875504924,1,13,0755,2019,2,13,0,15
1549988100000,24-0004,18875504927,1,13,0755,2019,2,13,0,15
1549988100000,4-0002,18875504988,1,13,0755,2019,2,13,0,15
1549988100000,5-0009,18875505016,2,13,0753,2019,2,13,0,15
1549988100000,17-0013,18875505020,1,13,0755,2019,2,13,0,15
1549988100000,10-0007,18875505079,1,13,0755,2019,2,13,0,15
1549988100000,19-0004,18875505096,1,13,0755,2019,2,13,0,15
1549988100000,15-0012,18875505145,1,13,0755,2019,2,13,0,15
1549988100000,13-0016,18875505150,0,0,0,2019,2,13,0,15
1549988100000,7-0017,18875505151,1,13,0755,2019,2,13,0,15
1549988100000,24-0015,18875505218,2,13,0757,2019,2,13,0,15
1549988100000,6-0004,18875505330,1,13,0755,2019,2,13,0,15
1549988100000,19-0019,18875505355,1,13,0755,2019,2,13,0,15
1549988100000,20-0011,18875505406,3,21,0,2019,2,13,0,15
1549988100000,14-0019,18875505539,1,13,0755,2019,2,13,0,15
1549988100000,22-0019,18875505602,3,10,0,2019,2,13,0,15
1549988100000,17-0000,18875505653,1,13,0755,2019,2,13,0,15
1549988100000,11-0014,18875505724,1,13,0755,2019,2,13,0,15
1549988100000,14-0013,18875505767,1,13,0755,2019,2,13,0,15
1549988100000,15-0012,18875505768,1,13,0755,2019,2,13,0,15
1549988100000,20-0006,18875505778,1,13,0755,2019,2,13,0,15
1549988100000,7-0012,18875505789,1,13,0755,2019,2,13,0,15
1549988100000,23-0006,18875505860,1,13,0755,2019,2,13,0,15
1549988100000,4-0002,18875505915,2,13,0758,2019,2,13,0,15
1549988100000,4-0001,18875506004,3,12,0,2019,2,13,0,15
1549988100000,24-0016,18875506020,1,13,0755,2019,2,13,0,15
1549988100000,14-0003,18875506036,1,13,0755,2019,2,13,0,15
1549988100000,12-0019,18875506073,1,13,0755,2019,2,13,0,15
1549988100000,10-0018,18875506086,1,13,0755,2019,2,13,0,15
1549988100000,4-0012,18875506124,1,13,0755,2019,2,13,0,15
1549988100000,15-0005,18875506139,1,13,0755,2019,2,13,0,15
1549988100000,15-0003,18875506192,1,13,0755,2019,2,13,0,15
1549988100000,22-0006,18875506195,1,13,0755,2019,2,13,0,15
1549988100000,15-0005,18875506217,2,13,0752,2019,2,13,0,15
1549988100000,18-0007,18875506263,1,13,0755,2019,2,13,0,15
1549988100000,6-0004,18875506336,1,13,0755,2019,2,13,0,15
1549988100000,14-0005,18875506357,1,13,0755,2019,2,13,0,15
1549988100000,7-0004,18875506423,1,13,0755,2019,2,13,0,15
1549988100000,14-0002,18875506451,1,13,0755,2019,2,13,0,15
1549988100000,12-0000,18875506491,1,13,0755,2019,2,13,0,15
1549988100000,17-0007,18875506582,1,13,0755,2019,2,13,0,15
1549988100000,8-0007,18875506603,3,11,0,2019,2,13,0,15
1549988100000,4-0003,18875506641,1,13,0755,2019,2,13,0,15
1549988100000,19-0004,18875506660,1,13,0755,2019,2,13,0,15
1549988100000,19-0019,18875506664,1,13,0755,2019,2,13,0,15
1549988100000,8-0011,18875506668,1,13,0755,2019,2,13,0,15
1549988100000,12-0007,18875506696,1,13,0755,2019,2,13,0,15
1549988100000,20-0015,18875506769,1,13,0755,2019,2,13,0,15
1549988100000,12-0007,18875506778,1,13,0755,2019,2,13,0,15
1549988100000,22-0001,18875506812,1,13,0755,2019,2,13,0,15
1549988100000,17-0018,18875507040,1,13,0755,2019,2,13,0,15
1549988100000,17-0006,18875507089,1,13,0755,2019,2,13,0,15
1549988100000,14-0019,18875507137,1,13,0755,2019,2,13,0,15
1549988100000,16-0005,18875507330,1,13,0755,2019,2,13,0,15
1549988100000,18-0004,18875507418,2,13,0757,2019,2,13,0,15
1549988100000,23-0016,18875507422,1,13,0755,2019,2,13,0,15
1549988100000,19-0001,18875507446,1,13,0755,2019,2,13,0,15
1549988100000,18-0008,18875507461,1,13,0755,2019,2,13,0,15
1549988100000,9-0004,18875507477,1,13,0755,2019,2,13,0,15
1549988100000,16-0005,18875507491,1,13,0755,2019,2,13,0,15
1549988100000,18-0017,18875507541,1,13,0755,2019,2,13,0,15
1549988100000,21-0000,18875507548,1,13,0755,2019,2,13,0,15
1549988100000,6-0002,18875507580,1,13,0755,2019,2,13,0,15
1549988100000,19-0002,18875507629,1,13,0755,2019,2,13,0,15
1549988100000,16-0019,18875507648,1,13,0755,2019,2,13,0,15
1549988100000,21-0013,18875507675,1,13,0755,2019,2,13,0,15
1549988100000,4-0001,18875507953,1,13,0755,2019,2,13,0,15
1549988100000,24-0017,18875508041,1,13,0755,2019,2,13,0,15
1549988100000,13-0007,18875508058,1,13,0755,2019,2,13,0,15
1549988100000,19-0005,18875508102,3,10,0,2019,2,13,0,15
1549988100000,19-0009,18875508109,1,13,0755,2019,2,13,0,15
1549988100000,13-0001,18875508145,1,13,0755,2019,2,13,0,15
1549988100000,16-0002,18875508214,2,13,0750,2019,2,13,0,15
1549988100000,23-0014,18875508266,1,13,0755,2019,2,13,0,15
1549988100000,22-0014,18875508509,1,13,0755,2019,2,13,0,15
1549988100000,16-0019,18875508583,1,13,0755,2019,2,13,0,15
1549988100000,7-0013,18875508734,1,13,0755,2019,2,13,0,15
1549988100000,4-0018,18875508741,1,13,0755,2019,2,13,0,15
1549988100000,5-0004,18875508909,1,13,0755,2019,2,13,0,15
1549988100000,4-0012,18875508929,1,13,0755,2019,2,13,0,15
1549988100000,15-0017,18875508943,1,13,0755,2019,2,13,0,15
1549988100000,18-0010,18875508994,1,13,0755,2019,2,13,0,15
1549988100000,21-0017,18875509005,3,14,0,2019,2,13,0,15
1549988100000,17-0010,18875509171,1,13,0755,2019,2,13,0,15
1549988100000,22-0000,18875509204,3,12,0,2019,2,13,0,15
1549988100000,20-0001,18875509254,1,13,0755,2019,2,13,0,15
1549988100000,16-0006,18875509308,3,24,0,2019,2,13,0,15
1549988100000,16-0012,18875509423,1,13,0755,2019,2,13,0,15
1549988100000,22-0010,18875509493,1,13,0755,2019,2,13,0,15
1549988100000,19-0008,18875509496,1,13,0755,2019,2,13,0,15
1549988100000,9-0003,18875509502,3,10,0,2019,2,13,0,15
1549988100000,11-0007,18875509573,1,13,0755,2019,2,13,0,15
1549988100000,17-0001,18875509659,1,13,0755,2019,2,13,0,15
1549988100000,13-0006,18875509721,1,13,0755,2019,2,13,0,15
1549988100000,18-0000,18875509764,1,13,0755,2019,2,13,0,15
1549988100000,8-0017,18875509776,1,13,0755,2019,2,13,0,15
1549988100000,20-0014,18875509777,1,13,0755,2019,2,13,0,15
1549988100000,11-0017,18875509799,1,13,0755,2019,2,13,0,15
1549988100000,19-0013,18875509927,1,13,0755,2019,2,13,0,15
1549988100000,11-0005,18875509967,1,13,0755,2019,2,13,0,15
