1549986300000,7-0011,18875500005,3,14,0,2019,2,12,23,45
1549986300000,16-0019,18875500011,1,13,0755,2019,2,12,23,45
1549986300000,4-0006,18875500016,2,13,0753,2019,2,12,23,45
1549986300000,24-0017,18875500021,1,13,0755,2019,2,12,23,45
1549986300000,6-0005,18875500051,1,13,0755,2019,2,12,23,45
1549986300000,13-0008,18875500092,1,13,0755,2019,2,12,23,45
1549986300000,21-0002,18875500136,1,13,0755,2019,2,12,23,45
1549986300000,9-0019,18875500148,1,13,0755,2019,2,12,23,45
1549986300000,5-0002,18875500175,1,13,0755,2019,2,12,23,45
1549986300000,15-0006,18875500193,1,13,0755,2019,2,12,23,45
1549986300000,8-0005,18875500198,1,13,0755,2019,2,12,23,45
1549986300000,6-0001,18875500212,1,13,0755,2019,2,12,23,45
1549986300000,14-0004,18875500220,1,13,0755,2019,2,12,23,45
1549986300000,21-0006,18875500222,1,13,0755,2019,2,12,23,45
1549986300000,20-0014,18875500251,1,13,0755,2019,2,12,23,45
1549986300000,7-0007,18875500254,1,13,0755,2019,2,12,23,45
1549986300000,22-0011,18875500281,1,13,0755,2019,2,12,23,45
1549986300000,10-0012,18875500311,1,13,0755,2019,2,12,23,45
1549986300000,22-0016,18875500349,1,13,0755,2019,2,12,23,45
1549986300000,13-0006,18875500352,1,13,0755,2019,2,12,23,45
1549986300000,11-0004,18875500367,1,13,0755,2019,2,12,23,45
1549986300000,16-0014,18875500369,1,13,0755,2019,2,12,23,45
1549986300000,23-0012,18875500390,1,13,0755,2019,2,12,23,45
1549986300000,14-0016,18875500452,1,13,0755,2019,2,12,23,45
1549986300000,17-0002,18875500453,1,13,0755,2019,2,12,23,45
1549986300000,23-0017,18875500457,1,13,0755,2019,2,12,23,45
1549986300000,9-0018,18875500472,1,13,0755,2019,2,12,23,45
1549986300000,23-0007,18875500499,1,13,0755,2019,2,12,23,45
1549986300000,22-0016,18875500520,1,13,0755,2019,2,12,23,45
1549986300000,7-0014,18875500564,1,13,0755,2019,2,12,23,45
1549986300000,6-0019,18875500565,1,13,0755,2019,2,12,23,45
1549986300000,15-0010,18875500592,1,13,0755,2019,2,12,23,45
1549986300000,13-0009,18875500595,1,13,0755,2019,2,12,23,45
1549986300000,6-0001,18875500605,3,14,0,2019,2,12,23,45
1549986300000,20-0017,18875500613,2,13,020,2019,2,12,23,45
1549986300000,14-0013,18875500630,1,13,0755,2019,2,12,23,45
1549986300000,17-0000,18875500632,1,13,0755,2019,2,12,23,45
1549986300000,23-0015,18875500661,1,13,0755,2019,2,12,23,45
1549986300000,13-0019,18875500684,1,13,0755,2019,2,12,23,45
1549986300000,14-0007,18875500692,1,13,0755,2019,2,12,23,45
1549986300000,19-0014,18875500695,1,13,0755,2019,2,12,23,45
1549986300000,13-0010,18875500696,1,13,0755,2019,2,12,23,45
1549986300000,13-0012,18875500697,1,13,0755,2019,2,12,23,45
1549986300000,15-0013,18875500712,1,13,0755,2019,2,12,23,45
1549986300000,7-0010,18875500739,1,13,0755,2019,2,12,23,45
1549986300000,5-0004,18875500760,1,13,0755,2019,2,12,23,45
1549986300000,10-0007,18875500778,1,13,0755,2019,2,12,23,45
1549986300000,17-0018,18875500819,1,13,0755,2019,2,12,23,45
1549986300000,23-0003,18875500829,1,13,0755,2019,2,12,23,45
1549986300000,15-0015,18875500850,0,0,0,2019,2,12,23,45
1549986300000,16-0008,18875500857,1,13,0755,2019,2,12,23,45
1549986300000,16-0003,18875500874,1,13,0755,2019,2,12,23,45
1549986300000,20-0005,18875500875,1,13,0755,2019,2,12,23,45
1549986300000,19-0004,18875500889,1,13,0755,2019,2,12,23,45
1549986300000,14-0005,18875500891,1,13,0755,2019,2,12,23,45
1549986300000,16-0007,18875500895,1,13,0755,2019,2,12,23,45
1549986300000,14-0001,18875500896,1,13,0755,2019,2,12,23,45
1549986300000,15-0011,18875500900,1,13,0755,2019,2,12,23,45
1549986300000,4-0012,18875500901,4,0,0,2019,2,12,23,45
1549986300000,4-0017,18875500940,1,13,0755,2019,2,12,23,45
1549986300000,22-0014,18875500944,1,13,0755,2019,2,12,23,45
1549986300000,8-0003,18875500958,1,13,0755,2019,2,12,23,45
1549986300000,19-0007,18875500985,1,13,0755,2019,2,12,23,45
1549986300000,17-0010,18875501019,1,13,0755,2019,2,12,23,45
1549986300000,6-0010,18875501038,1,13,0755,2019,2,12,23,45
1549986300000,24-0007,18875501044,1,13,0755,2019,2,12,23,45
1549986300000,5-0001,18875501061,1,13,0755,2019,2,12,23,45
1549986300000,14-0019,18875501079,1,13,0755,2019,2,12,23,45
1549986300000,11-0009,18875501115,2,13,0758,2019,2,12,23,45
1549986300000,10-0014,18875501122,1,13,0755,2019,2,12,23,45
1549986300000,17-0006,18875501123,1,13,0755,2019,2,12,23,45
1549986300000,5-0000,18875501193,1,13,0755,2019,2,12,23,45
1549986300000,19-0001,18875501210,1,13,0755,2019,2,12,23,45
1549986300000,24-0014,18875501211,1,13,0755,2019,2,12,23,45
1549986300000,19-0001,18875501219,1,13,0755,2019,2,12,23,45
1549986300000,14-0009,18875501238,1,13,0755,2019,2,12,23,45
1549986300000,21-0008,18875501263,1,13,0755,2019,2,12,23,45
1549986300000,15-0016,18875501274,1,13,0755,2019,2,12,23,45
1549986300000,20-0005,18875501279,1,13,0755,2019,2,12,23,45
1549986300000,16-0005,18875501311,1,13,0755,2019,2,12,23,45
1549986300000,19-0010,18875501326,1,13,0755,2019,2,12,23,45
1549986300000,14-0009,18875501358,1,13,0755,2019,2,12,23,45
1549986300000,15-0017,18875501377,1,13,0755,2019,2,12,23,45
1549986300000,11-0017,18875501438,1,13,0755,2019,2,12,23,45
1549986300000,21-0008,18875501447,1,13,0755,2019,2,12,23,45
1549986300000,11-0011,18875501460,1,13,0755,2019,2,12,23,45
1549986300000,7-0017,18875501465,1,13,0755,2019,2,12,23,45
1549986300000,17-0003,18875501484,1,13,0755,2019,2,12,23,45
1549986300000,13-0004,18875501508,3,24,0,2019,2,12,23,45
1549986300000,16-0015,18875501513,2,13,020,2019,2,12,23,45
1549986300000,11-0009,18875501514,2,13,0750,2019,2,12,23,45
1549986300000,7-0015,18875501538,1,13,0755,2019,2,12,23,45
1549986300000,12-0002,18875501549,1,13,0755,2019,2,12,23,45
1549986300000,16-0009,18875501557,1,13,0755,2019,2,12,23,45
1549986300000,22-0010,18875501599,1,13,0755,2019,2,12,23,45
1549986300000,12-0014,18875501607,3,22,0,2019,2,12,23,45
1549986300000,12-0006,18875501614,2,13,0750,2019,2,12,23,45
1549986300000,7-0002,18875501630,1,13,0755,2019,2,12,23,45
1549986300000,24-0004,18875501642,1,13,0755,2019,2,12,23,45
1549986300000,17-0017,18875501649,1,13,0755,2019,2,12,23,45
1549986300000,9-0015,18875501667,1,13,0755,2019,2,12,23,45
1549986300000,7-0012,18875501683,1,13,0755,2019,2,12,23,45
1549986300000,8-0016,18875501701,4,0,0,2019,2,12,23,45
1549986300000,7-0016,18875501726,1,13,0755,2019,2,12,23,45
1549986300000,18-0001,18875501761,1,13,0755,2019,2,12,23,45
1549986300000,23-0012,18875501765,1,13,0755,2019,2,12,23,45
1549986300000,4-0016,18875501806,3,21,0,2019,2,12,23,45
1549986300000,24-0001,18875501837,1,13,0755,2019,2,12,23,45
1549986300000,10-0013,18875501852,1,13,0755,2019,2,12,23,45
1549986300000,10-0019,18875501891,1,13,0755,2019,2,12,23,45
1549986300000,12-0003,18875501902,3,10,0,2019,2,12,23,45
1549986300000,24-0013,18875501904,3,12,0,2019,2,12,23,45
1549986300000,14-0006,18875501906,3,21,0,2019,2,12,23,45
1549986300000,8-0002,18875501913,2,13,020,2019,2,12,23,45
1549986300000,17-0002,18875501915,2,13,0758,2019,2,12,23,45
1549986300000,13-0000,18875501927,1,13,0755,2019,2,12,23,45
1549986300000,16-0004,18875501932,1,13,0755,2019,2,12,23,45
1549986300000,17-0014,18875501940,1,13,0755,2019,2,12,23,45
1549986300000,6-0006,18875501963,1,13,0755,2019,2,12,23,45
1549986300000,12-0019,18875502040,1,13,0755,2019,2,12,23,45
1549986300000,14-0001,18875502060,1,13,0755,2019,2,12,23,45
1549986300000,10-0016,18875502087,1,13,0755,2019,2,12,23,45
1549986300000,13-0014,18875502108,3,24,0,2019,2,12,23,45
1549986300000,4-0013,18875502121,1,13,0755,2019,2,12,23,45
1549986300000,10-0015,18875502153,1,13,0755,2019,2,12,23,45
1549986300000,11-0009,18875502188,1,13,0755,2019,2,12,23,45
1549986300000,16-0001,18875502194,1,13,0755,2019,2,12,23,45
1549986300000,24-0013,18875502258,1,13,0755,2019,2,12,23,45
1549986300000,11-0010,18875502269,1,13,0755,2019,2,12,23,45
1549986300000,24-0008,18875502284,1,13,0755,2019,2,12,23,45
1549986300000,17-0013,18875502302,3,10,0,2019,2,12,23,45
1549986300000,21-0018,18875502306,3,21,0,2019,2,12,23,45
1549986300000,16-0017,18875502322,1,13,0755,2019,2,12,23,45
1549986300000,18-0002,18875502333,1,13,0755,2019,2,12,23,45
1549986300000,4-0003,18875502335,1,13,0755,2019,2,12,23,45
1549986300000,10-0012,18875502353,1,13,0755,2019,2,12,23,45
1549986300000,18-0015,18875502371,1,13,0755,2019,2,12,23,45
1549986300000,23-0009,18875502401,4,0,0,2019,2,12,23,45
1549986300000,12-0009,18875502415,2,13,0758,2019,2,12,23,45
1549986300000,18-0003,18875502431,1,13,0755,2019,2,12,23,45
1549986300000,13-0016,18875502443,1,13,0755,2019,2,12,23,45
1549986300000,21-0014,18875502444,1,13,0755,2019,2,12,23,45
1549986300000,24-0019,18875502465,1,13,0755,2019,2,12,23,45
1549986300000,21-0000,18875502474,1,13,0755,2019,2,12,23,45
1549986300000,19-0004,18875502535,1,13,0755,2019,2,12,23,45
1549986300000,24-0014,18875502549,1,13,0755,2019,2,12,23,45
1549986300000,22-0018,18875502558,1,13,0755,2019,2,12,23,45
1549986300000,23-0010,18875502571,1,13,0755,2019,2,12,23,45
1549986300000,14-0009,18875502586,1,13,0755,2019,2,12,23,45
1549986300000,23-0010,18875502619,1,13,0755,2019,2,12,23,45
1549986300000,10-0016,18875502666,1,13,0755,2019,2,12,23,45
1549986300000,13-0009,18875502679,1,13,0755,2019,2,12,23,45
1549986300000,21-0002,18875502684,1,13,0755,2019,2,12,23,45
1549986300000,7-0004,18875502706,3,21,0,2019,2,12,23,45
1549986300000,7-0016,18875502719,1,13,0755,2019,2,12,23,45
1549986300000,14-0018,18875502721,1,13,0755,2019,2,12,23,45
1549986300000,13-0016,18875502744,1,13,0755,2019,2,12,23,45
1549986300000,20-0000,18875502746,1,13,0755,2019,2,12,23,45
1549986300000,14-0005,18875502747,1,13,0755,2019,2,12,23,45
1549986300000,16-0006,18875502762,1,13,0755,2019,2,12,23,45
1549986300000,23-0008,18875502770,1,13,0755,2019,2,12,23,45
1549986300000,21-0005,18875502772,1,13,0755,2019,2,12,23,45
1549986300000,5-0001,18875502785,1,13,0755,2019,2,12,23,45
1549986300000,20-0003,18875502800,1,13,0755,2019,2,12,23,45
1549986300000,19-0000,18875502801,4,0,0,2019,2,12,23,45
1549986300000,21-0000,18875502837,1,13,0755,2019,2,12,23,45
1549986300000,24-0014,18875502848,1,13,0755,2019,2,12,23,45
1549986300000,20-0019,18875502856,1,13,0755,2019,2,12,23,45
1549986300000,7-0007,18875502858,1,13,0755,2019,2,12,23,45
1549986300000,18-0012,18875502874,1,13,0755,2019,2,12,23,45
1549986300000,11-0002,18875502888,1,13,0755,2019,2,12,23,45
1549986300000,17-0003,18875502899,1,13,0755,2019,2,12,23,45
1549986300000,21-0008,18875502900,1,13,0755,2019,2,12,23,45
1549986300000,16-0001,18875502953,1,13,0755,2019,2,12,23,45
1549986300000,13-0006,18875502965,1,13,0755,2019,2,12,23,45
1549986300000,23-0004,18875502969,1,13,0755,2019,2,12,23,45
1549986300000,17-0016,18875502998,1,13,0755,2019,2,12,23,45
1549986300000,19-0016,18875503008,3,24,0,2019,2,12,23,45
1549986300000,23-0018,18875503039,1,13,0755,2019,2,12,23,45
1549986300000,17-0003,18875503056,1,13,0755,2019,2,12,23,45
1549986300000,23-0017,18875503082,1,13,0755,2019,2,12,23,45
1549986300000,23-0017,18875503115,2,13,0758,2019,2,12,23,45
1549986300000,18-0000,18875503194,1,13,0755,2019,2,12,23,45
1549986300000,10-0013,18875503203,3,11,0,2019,2,12,23,45
1549986300000,14-0006,18875503227,1,13,0755,2019,2,12,23,45
1549986300000,18-0012,18875503237,1,13,0755,2019,2,12,23,45
1549986300000,8-0008,18875503240,1,13,0755,2019,2,12,23,45
1549986300000,13-0002,18875503259,1,13,0755,2019,2,12,23,45
1549986300000,19-0013,18875503272,1,13,0755,2019,2,12,23,45
1549986300000,9-0012,18875503302,3,10,0,2019,2,12,23,45
1549986300000,14-0005,18875503306,3,21,0,2019,2,12,23,45
1549986300000,21-0005,18875503307,3,22,0,2019,2,12,23,45
1549986300000,13-0012,18875503313,2,13,020,2019,2,12,23,45
1549986300000,13-0004,18875503316,2,13,0753,2019,2,12,23,45
1549986300000,16-0001,18875503320,1,13,0755,2019,2,12,23,45
1549986300000,6-0012,18875503335,1,13,0755,2019,2,12,23,45
1549986300000,11-0002,18875503343,1,13,0755,2019,2,12,23,45
1549986300000,15-0006,18875503357,1,13,0755,2019,2,12,23,45
1549986300000,10-0013,18875503381,1,13,0755,2019,2,12,23,45
1549986300000,12-0006,18875503392,1,13,0755,2019,2,12,23,45
1549986300000,12-0005,18875503405,3,14,0,2019,2,12,23,45
1549986300000,24-0003,18875503459,1,13,0755,2019,2,12,23,45
1549986300000,19-0006,18875503462,1,13,0755,2019,2,12,23,45
1549986300000,12-0015,18875503487,1,13,0755,2019,2,12,23,45
1549986300000,6-0003,18875503490,1,13,0755,2019,2,12,23,45
1549986300000,22-0016,18875503492,1,13,0755,2019,2,12,23,45
1549986300000,10-0000,18875503517,2,13,0752,2019,2,12,23,45
1549986300000,22-0001,18875503528,1,13,0755,2019,2,12,23,45
1549986300000,7-0017,18875503532,1,13,0755,2019,2,12,23,45
1549986300000,7-0009,18875503549,1,13,0755,2019,2,12,23,45
1549986300000,9-0005,18875503551,1,13,0755,2019,2,12,23,45
1549986300000,24-0001,18875503568,1,13,0755,2019,2,12,23,45
1549986300000,13-0005,18875503585,1,13,0755,2019,2,12,23,45
1549986300000,8-0003,18875503604,3,12,0,2019,2,12,23,45
1549986300000,4-0004,18875503630,1,13,0755,2019,2,12,23,45
1549986300000,5-0005,18875503679,1,13,0755,2019,2,12,23,45
1549986300000,8-0005,18875503681,1,13,0755,2019,2,12,23,45
1549986300000,24-0007,18875503688,1,13,0755,2019,2,12,23,45
1549986300000,17-0012,18875503702,3,10,0,2019,2,12,23,45
1549986300000,22-0015,18875503704,3,12,0,2019,2,12,23,45
1549986300000,20-0009,18875503766,1,13,0755,2019,2,12,23,45
1549986300000,21-0019,18875503780,1,13,0755,2019,2,12,23,45
1549986300000,24-0003,18875503788,1,13,0755,2019,2,12,23,45
1549986300000,5-0007,18875503791,1,13,0755,2019,2,12,23,45
1549986300000,12-0004,18875503824,1,13,0755,2019,2,12,23,45
1549986300000,10-0012,18875503851,1,13,0755,2019,2,12,23,45
1549986300000,7-0000,18875503878,1,13,0755,2019,2,12,23,45
1549986300000,23-0016,18875503921,1,13,0755,2019,2,12,23,45
1549986300000,15-0009,18875503961,1,13,0755,2019,2,12,23,45
1549986300000,23-0000,18875503996,1,13,0755,2019,2,12,23,45
1549986300000,18-0005,18875504007,3,22,0,2019,2,12,23,45
1549986300000,11-0017,18875504036,1,13,0755,2019,2,12,23,45
1549986300000,21-0014,18875504037,1,13,0755,2019,2,12,23,45
1549986300000,22-0009,18875504059,1,13,0755,2019,2,12,23,45
1549986300000,10-0005,18875504061,1,13,0755,2019,2,12,23,45
1549986300000,11-0011,18875504121,1,13,0755,2019,2,12,23,45
1549986300000,19-0009,18875504165,1,13,0755,2019,2,12,23,45
1549986300000,19-0010,18875504176,1,13,0755,2019,2,12,23,45
1549986300000,17-0000,18875504181,1,13,0755,2019,2,12,23,45
1549986300000,23-0012,18875504196,1,13,0755,2019,2,12,23,45
1549986300000,18-0011,18875504215,2,13,0758,2019,2,12,23,45
1549986300000,14-0008,18875504219,1,13,0755,2019,2,12,23,45
1549986300000,24-0019,18875504227,1,13,0755,2019,2,12,23,45
1549986300000,17-0018,18875504242,1,13,0755,2019,2,12,23,45
1549986300000,22-0014,18875504250,0,0,0,2019,2,12,23,45
1549986300000,24-0001,18875504282,1,13,0755,2019,2,12,23,45
1549986300000,6-0011,18875504298,1,13,0755,2019,2,12,23,45
1549986300000,22-0011,18875504357,1,13,0755,2019,2,12,23,45
1549986300000,15-0005,18875504364,1,13,0755,2019,2,12,23,45
1549986300000,14-0006,18875504371,1,13,0755,2019,2,12,23,45
1549986300000,23-0007,18875504382,1,13,0755,2019,2,12,23,45
1549986300000,6-0017,18875504404,3,12,0,2019,2,12,23,45
1549986300000,11-0007,18875504419,1,13,0755,2019,2,12,23,45
1549986300000,16-0009,18875504491,1,13,0755,2019,2,12,23,45
1549986300000,12-0002,18875504503,3,11,0,2019,2,12,23,45
1549986300000,5-0002,18875504513,2,13,020,2019,2,12,23,45
1549986300000,13-0017,18875504519,1,13,0755,2019,2,12,23,45
1549986300000,14-0008,18875504530,1,13,0755,2019,2,12,23,45
1549986300000,13-0011,18875504538,1,13,0755,2019,2,12,23,45
1549986300000,5-0002,18875504543,1,13,0755,2019,2,12,23,45
1549986300000,9-0016,18875504548,1,13,0755,2019,2,12,23,45
1549986300000,5-0011,18875504554,1,13,0755,2019,2,12,23,45
1549986300000,7-0018,18875504562,1,13,0755,2019,2,12,23,45
1549986300000,11-0007,18875504566,1,13,0755,2019,2,12,23,45
1549986300000,21-0009,18875504573,1,13,0755,2019,2,12,23,45
1549986300000,6-0016,18875504605,3,14,0,2019,2,12,23,45
1549986300000,23-0013,18875504643,1,13,0755,2019,2,12,23,45
1549986300000,10-0013,18875504670,1,13,0755,2019,2,12,23,45
1549986300000,8-0016,18875504674,1,13,0755,2019,2,12,23,45
1549986300000,15-0008,18875504704,3,12,0,2019,2,12,23,45
1549986300000,16-0000,18875504747,1,13,0755,2019,2,12,23,45
1549986300000,5-0005,18875504764,1,13,0755,2019,2,12,23,45
1549986300000,6-0013,18875504768,1,13,0755,2019,2,12,23,45
1549986300000,9-0000,18875504769,1,13,0755,2019,2,12,23,45
1549986300000,6-0011,18875504785,1,13,0755,2019,2,12,23,45
1549986300000,23-0018,18875504794,1,13,0755,2019,2,12,23,45
1549986300000,7-0008,18875504799,1,13,0755,2019,2,12,23,45
1549986300000,24-0003,18875504803,3,11,0,2019,2,12,23,45
1549986300000,14-0015,18875504815,2,13,0758,2019,2,12,23,45
1549986300000,22-0018,18875504826,1,13,0755,2019,2,12,23,45
1549986300000,5-0018,18875504878,1,13,0755,2019,2,12,23,45
1549986300000,5-0003,18875504935,1,13,0755,2019,2,12,23,45
1549986300000,11-0002,18875504941,1,13,0755,2019,2,12,23,45
1549986300000,19-0017,18875504964,1,13,0755,2019,2,12,23,45
1549986300000,20-0009,18875504971,1,13,0755,2019,2,12,23,45
1549986300000,4-0009,18875505001,4,0,0,2019,2,12,23,45
1549986300000,21-0002,18875505060,1,13,0755,2019,2,12,23,45
1549986300000,6-0017,18875505061,1,13,0755,2019,2,12,23,45
1549986300000,11-0017,18875505063,1,13,0755,2019,2,12,23,45
1549986300000,8-0002,18875505078,1,13,0755,2019,2,12,23,45
1549986300000,15-0016,18875505088,1,13,0755,2019,2,12,23,45
1549986300000,17-0009,18875505093,1,13,0755,2019,2,12,23,45
1549986300000,23-0016,18875505101,4,0,0,2019,2,12,23,45
1549986300000,13-0001,18875505103,3,11,0,2019,2,12,23,45
1549986300000,24-0015,18875505105,3,14,0,2019,2,12,23,45
1549986300000,16-0000,18875505132,1,13,0755,2019,2,12,23,45
1549986300000,5-0004,18875505134,1,13,0755,2019,2,12,23,45
1549986300000,24-0014,18875505145,1,13,0755,2019,2,12,23,45
1549986300000,10-0010,18875505170,1,13,0755,2019,2,12,23,45
1549986300000,23-0007,18875505227,1,13,0755,2019,2,12,23,45
1549986300000,15-0009,18875505237,1,13,0755,2019,2,12,23,45
1549986300000,9-0007,18875505245,1,13,0755,2019,2,12,23,45
1549986300000,8-0012,18875505250,0,0,0,2019,2,12,23,45
1549986300000,12-0011,18875505252,1,13,0755,2019,2,12,23,45
1549986300000,24-0001,18875505256,1,13,0755,2019,2,12,23,45
1549986300000,10-0019,18875505268,1,13,0755,2019,2,12,23,45
1549986300000,19-0006,18875505273,1,13,0755,2019,2,12,23,45
1549986300000,15-0018,18875505291,1,13,0755,2019,2,12,23,45
1549986300000,24-0005,18875505318,2,13,0757,2019,2,12,23,45
1549986300000,15-0019,18875505363,1,13,0755,2019,2,12,23,45
1549986300000,8-0016,18875505370,1,13,0755,2019,2,12,23,45
1549986300000,18-0015,18875505377,1,13,0755,2019,2,12,23,45
1549986300000,20-0006,18875505396,1,13,0755,2019,2,12,23,45
1549986300000,20-0005,18875505430,1,13,0755,2019,2,12,23,45
1549986300000,5-0013,18875505469,1,13,0755,2019,2,12,23,45
1549986300000,18-0009,18875505496,1,13,0755,2019,2,12,23,45
1549986300000,5-0019,18875505497,1,13,0755,2019,2,12,23,45
1549986300000,10-0012,18875505531,1,13,0755,2019,2,12,23,45
1549986300000,13-0017,18875505566,1,13,0755,2019,2,12,23,45
1549986300000,12-0019,18875505571,1,13,0755,2019,2,12,23,45
1549986300000,5-0006,18875505586,1,13,0755,2019,2,12,23,45
1549986300000,14-0016,18875505599,1,13,0755,2019,2,12,23,45
1549986300000,20-0015,18875505640,1,13,0755,2019,2,12,23,45
1549986300000,20-0007,18875505646,1,13,0755,2019,2,12,23,45
1549986300000,11-0007,18875505657,1,13,0755,2019,2,12,23,45
1549986300000,5-0015,18875505672,1,13,0755,2019,2,12,23,45
1549986300000,5-0004,18875505686,1,13,0755,2019,2,12,23,45
1549986300000,4-0018,18875505687,1,13,0755,2019,2,12,23,45
1549986300000,12-0010,18875505710,1,13,0755,2019,2,12,23,45
1549986300000,19-0016,18875505739,1,13,0755,2019,2,12,23,45
1549986300000,5-0015,18875505748,1,13,0755,2019,2,12,23,45
1549986300000,9-0015,18875505788,1,13,0755,2019,2,12,23,45
1549986300000,15-0004,18875505792,1,13,0755,2019,2,12,23,45
1549986300000,9-0019,18875505839,1,13,0755,2019,2,12,23,45
1549986300000,13-0013,18875505918,2,13,0757,2019,2,12,23,45
1549986300000,9-0001,18875505936,1,13,0755,2019,2,12,23,45
1549986300000,9-0009,18875505970,1,13,0755,2019,2,12,23,45
1549986300000,12-0012,18875505974,1,13,0755,2019,2,12,23,45
1549986300000,9-0006,18875505998,1,13,0755,2019,2,12,23,45
1549986300000,22-0007,18875506000,1,13,0755,2019,2,12,23,45
1549986300000,13-0018,18875506035,1,13,0755,2019,2,12,23,45
1549986300000,5-0018,18875506036,1,13,0755,2019,2,12,23,45
1549986300000,23-0006,18875506061,1,13,0755,2019,2,12,23,45
1549986300000,11-0014,18875506089,1,13,0755,2019,2,12,23,45
1549986300000,11-0001,18875506123,1,13,0755,2019,2,12,23,45
1549986300000,14-0010,18875506128,1,13,0755,2019,2,12,23,45
1549986300000,17-0017,18875506130,1,13,0755,2019,2,12,23,45
1549986300000,8-0012,18875506170,1,13,0755,2019,2,12,23,45
1549986300000,24-0002,18875506182,1,13,0755,2019,2,12,23,45
1549986300000,9-0019,18875506185,1,13,0755,2019,2,12,23,45
1549986300000,13-0006,18875506196,1,13,0755,2019,2,12,23,45
1549986300000,8-0015,18875506239,1,13,0755,2019,2,12,23,45
1549986300000,20-0019,18875506242,1,13,0755,2019,2,12,23,45
1549986300000,5-0005,18875506247,1,13,0755,2019,2,12,23,45
1549986300000,15-0010,18875506252,1,13,0755,2019,2,12,23,45
1549986300000,16-0009,18875506266,1,13,0755,2019,2,12,23,45
1549986300000,15-0009,18875506267,1,13,0755,2019,2,12,23,45
1549986300000,12-0013,18875506285,1,13,0755,2019,2,12,23,45
1549986300000,18-0016,18875506295,1,13,0755,2019,2,12,23,45
1549986300000,21-0013,18875506377,1,13,0755,2019,2,12,23,45
1549986300000,14-0019,18875506381,1,13,0755,2019,2,12,23,45
1549986300000,23-0013,18875506416,2,13,0753,2019,2,12,23,45
1549986300000,13-0001,18875506452,1,13,0755,2019,2,12,23,45
1549986300000,22-0019,18875506468,1,13,0755,2019,2,12,23,45
1549986300000,19-0018,18875506493,1,13,0755,2019,2,12,23,45
1549986300000,9-0007,18875506499,1,13,0755,2019,2,12,23,45
1549986300000,13-0000,18875506505,3,14,0,2019,2,12,23,45
1549986300000,8-0019,18875506584,1,13,0755,2019,2,12,23,45
1549986300000,11-0017,18875506597,1,13,0755,2019,2,12,23,45
1549986300000,22-0010,18875506642,1,13,0755,2019,2,12,23,45
1549986300000,18-0004,18875506664,1,13,0755,2019,2,12,23,45
1549986300000,17-0006,18875506667,1,13,0755,2019,2,12,23,45
1549986300000,17-0006,18875506677,1,13,0755,2019,2,12,23,45
1549986300000,19-0017,18875506678,1,13,0755,2019,2,12,23,45
1549986300000,13-0006,18875506695,1,13,0755,2019,2,12,23,45
1549986300000,22-0003,18875506702,3,10,0,2019,2,12,23,45
1549986300000,4-0018,18875506717,2,13,0752,2019,2,12,23,45
1549986300000,12-0001,18875506725,1,13,0755,2019,2,12,23,45
1549986300000,12-0019,18875506736,1,13,0755,2019,2,12,23,45
1549986300000,5-0002,18875506769,1,13,0755,2019,2,12,23,45
1549986300000,7-0007,18875506777,1,13,0755,2019,2,12,23,45
1549986300000,17-0013,18875506783,1,13,0755,2019,2,12,23,45
1549986300000,14-0003,18875506793,1,13,0755,2019,2,12,23,45
1549986300000,14-0012,18875506796,1,13,0755,2019,2,12,23,45
1549986300000,10-0005,18875506800,1,13,0755,2019,2,12,23,45
1549986300000,8-0012,18875506813,2,13,020,2019,2,12,23,45
1549986300000,5-0001,18875506820,1,13,0755,2019,2,12,23,45
1549986300000,24-0009,18875506838,1,13,0755,2019,2,12,23,45
1549986300000,10-0017,18875506862,1,13,0755,2019,2,12,23,45
1549986300000,9-0002,18875506884,1,13,0755,2019,2,12,23,45
1549986300000,24-0014,18875506975,1,13,0755,2019,2,12,23,45
1549986300000,10-0004,18875506996,1,13,0755,2019,2,12,23,45
1549986300000,5-0018,18875506997,1,13,0755,2019,2,12,23,45
1549986300000,6-0015,18875507003,3,11,0,2019,2,12,23,45
1549986300000,20-0008,18875507050,0,0,0,2019,2,12,23,45
1549986300000,11-0015,18875507058,1,13,0755,2019,2,12,23,45
1549986300000,4-0012,18875507070,1,13,0755,2019,2,12,23,45
1549986300000,22-0008,18875507081,1,13,0755,2019,2,12,23,45
1549986300000,8-0016,18875507086,1,13,0755,2019,2,12,23,45
1549986300000,22-0015,18875507137,1,13,0755,2019,2,12,23,45
1549986300000,16-0003,18875507159,1,13,0755,2019,2,12,23,45
1549986300000,5-0008,18875507180,1,13,0755,2019,2,12,23,45
1549986300000,8-0008,18875507227,1,13,0755,2019,2,12,23,45
1549986300000,22-0014,18875507238,1,13,0755,2019,2,12,23,45
1549986300000,4-0012,18875507254,1,13,0755,2019,2,12,23,45
1549986300000,24-0011,18875507272,1,13,0755,2019,2,12,23,45
1549986300000,13-0004,18875507296,1,13,0755,2019,2,12,23,45
1549986300000,7-0009,18875507302,3,10,0,2019,2,12,23,45
1549986300000,12-0015,18875507316,2,13,0753,2019,2,12,23,45
1549986300000,18-0006,18875507319,1,13,0755,2019,2,12,23,45
1549986300000,17-0017,18875507385,1,13,0755,2019,2,12,23,45
1549986300000,9-0001,18875507402,3,10,0,2019,2,12,23,45
1549986300000,16-0016,18875507405,3,14,0,2019,2,12,23,45
1549986300000,13-0019,18875507444,1,13,0755,2019,2,12,23,45
1549986300000,7-0015,18875507448,1,13,0755,2019,2,12,23,45
1549986300000,6-0000,18875507459,1,13,0755,2019,2,12,23,45
1549986300000,8-0014,18875507462,1,13,0755,2019,2,12,23,45
1549986300000,4-0017,18875507477,1,13,0755,2019,2,12,23,45
1549986300000,20-0013,18875507496,1,13,0755,2019,2,12,23,45
1549986300000,23-0003,18875507499,1,13,0755,2019,2,12,23,45
1549986300000,7-0004,18875507513,2,13,020,2019,2,12,23,45
1549986300000,9-0002,18875507520,1,13,0755,2019,2,12,23,45
1549986300000,13-0013,18875507526,1,13,0755,2019,2,12,23,45
1549986300000,11-0014,18875507533,1,13,0755,2019,2,12,23,45
1549986300000,5-0006,18875507545,1,13,0755,2019,2,12,23,45
1549986300000,17-0003,18875507550,0,0,0,2019,2,12,23,45
1549986300000,11-0007,18875507564,1,13,0755,2019,2,12,23,45
1549986300000,17-0005,18875507569,1,13,0755,2019,2,12,23,45
1549986300000,16-0011,18875507597,1,13,0755,2019,2,12,23,45
1549986300000,21-0001,18875507604,3,12,0,2019,2,12,23,45
1549986300000,21-0004,18875507635,1,13,0755,2019,2,12,23,45
1549986300000,20-0013,18875507659,1,13,0755,2019,2,12,23,45
1549986300000,13-0005,18875507686,1,13,0755,2019,2,12,23,45
1549986300000,10-0005,18875507713,2,13,020,2019,2,12,23,45
1549986300000,17-0019,18875507732,1,13,0755,2019,2,12,23,45
1549986300000,19-0006,18875507765,1,13,0755,2019,2,12,23,45
1549986300000,20-0001,18875507767,1,13,0755,2019,2,12,23,45
1549986300000,8-0016,18875507772,1,13,0755,2019,2,12,23,45
1549986300000,6-0013,18875507776,1,13,0755,2019,2,12,23,45
1549986300000,6-0012,18875507787,1,13,0755,2019,2,12,23,45
1549986300000,23-0018,18875507822,1,13,0755,2019,2,12,23,45
1549986300000,5-0001,18875507823,1,13,0755,2019,2,12,23,45
1549986300000,10-0018,18875507827,1,13,0755,2019,2,12,23,45
1549986300000,5-0010,18875507843,1,13,0755,2019,2,12,23,45
1549986300000,15-0009,18875507851,1,13,0755,2019,2,12,23,45
1549986300000,22-0000,18875507854,1,13,0755,2019,2,12,23,45
1549986300000,4-0000,18875507885,1,13,0755,2019,2,12,23,45
1549986300000,16-0001,18875507903,3,11,0,2019,2,12,23,45
1549986300000,19-0012,18875507914,2,13,0750,2019,2,12,23,45
1549986300000,8-0006,18875507915,2,13,0758,2019,2,12,23,45
1549986300000,11-0016,18875507928,1,13,0755,2019,2,12,23,45
1549986300000,24-0010,18875507947,1,13,0755,2019,2,12,23,45
1549986300000,17-0006,18875507950,0,0,0,2019,2,12,23,45
1549986300000,12-0013,18875507952,1,13,0755,2019,2,12,23,45
1549986300000,9-0015,18875507954,1,13,0755,2019,2,12,23,45
1549986300000,13-0015,18875507957,1,13,0755,2019,2,12,23,45
1549986300000,12-0012,18875507960,1,13,0755,2019,2,12,23,45
1549986300000,19-0004,18875507995,1,13,0755,2019,2,12,23,45
1549986300000,11-0017,18875508012,1,13,0755,2019,2,12,23,45
1549986300000,21-0019,18875508041,1,13,0755,2019,2,12,23,45
1549986300000,24-0016,18875508116,2,13,0753,2019,2,12,23,45
1549986300000,8-0009,18875508127,1,13,0755,2019,2,12,23,45
1549986300000,14-0016,18875508140,1,13,0755,2019,2,12,23,45
1549986300000,17-0019,18875508142,1,13,0755,2019,2,12,23,45
1549986300000,14-0009,18875508145,1,13,0755,2019,2,12,23,45
1549986300000,11-0002,18875508160,1,13,0755,2019,2,12,23,45
1549986300000,13-0012,18875508162,1,13,0755,2019,2,12,23,45
1549986300000,13-0018,18875508165,1,13,0755,2019,2,12,23,45
1549986300000,23-0017,18875508169,1,13,0755,2019,2,12,23,45
1549986300000,12-0010,18875508205,3,14,0,2019,2,12,23,45
1549986300000,9-0007,18875508209,1,13,0755,2019,2,12,23,45
1549986300000,12-0007,18875508220,1,13,0755,2019,2,12,23,45
1549986300000,20-0016,18875508250,0,0,0,2019,2,12,23,45
1549986300000,6-0002,18875508253,1,13,0755,2019,2,12,23,45
1549986300000,13-0015,18875508297,1,13,0755,2019,2,12,23,45
1549986300000,17-0001,18875508377,1,13,0755,2019,2,12,23,45
1549986300000,18-0016,18875508386,1,13,0755,2019,2,12,23,45
1549986300000,22-0008,18875508388,1,13,0755,2019,2,12,23,45
1549986300000,18-0003,18875508390,1,13,0755,2019,2,12,23,45
1549986300000,16-0008,18875508402,3,10,0,2019,2,12,23,45
1549986300000,10-0019,18875508414,2,13,0750,2019,2,12,23,45
1549986300000,23-0001,18875508440,1,13,0755,2019,2,12,23,45
1549986300000,9-0018,18875508441,1,13,0755,2019,2,12,23,45
1549986300000,16-0018,18875508461,1,13,0755,2019,2,12,23,45
1549986300000,5-0009,18875508486,1,13,0755,2019,2,12,23,45
1549986300000,11-0013,18875508487,1,13,0755,2019,2,12,23,45
1549986300000,16-0009,18875508491,1,13,0755,2019,2,12,23,45
1549986300000,21-0015,18875508514,2,13,0750,2019,2,12,23,45
1549986300000,14-0004,18875508518,2,13,0757,2019,2,12,23,45
1549986300000,21-0006,18875508519,1,13,0755,2019,2,12,23,45
1549986300000,10-0018,18875508543,1,13,0755,2019,2,12,23,45
1549986300000,13-0009,18875508561,1,13,0755,2019,2,12,23,45
1549986300000,7-0006,18875508590,1,13,0755,2019,2,12,23,45
1549986300000,17-0001,18875508591,1,13,0755,2019,2,12,23,45
1549986300000,21-0016,18875508604,3,12,0,2019,2,12,23,45
1549986300000,13-0013,18875508613,2,13,020,2019,2,12,23,45
1549986300000,7-0009,18875508640,1,13,0755,2019,2,12,23,45
1549986300000,19-0012,18875508669,1,13,0755,2019,2,12,23,45
1549986300000,15-0007,18875508686,1,13,0755,2019,2,12,23,45
1549986300000,17-0001,18875508706,3,21,0,2019,2,12,23,45
1549986300000,13-0010,18875508712,1,13,0755,2019,2,12,23,45
1549986300000,19-0016,18875508721,1,13,0755,2019,2,12,23,45
1549986300000,12-0001,18875508733,1,13,0755,2019,2,12,23,45
1549986300000,7-0018,18875508745,1,13,0755,2019,2,12,23,45
1549986300000,5-0015,18875508751,1,13,0755,2019,2,12,23,45
1549986300000,19-0015,18875508754,1,13,0755,2019,2,12,23,45
1549986300000,19-0007,18875508795,1,13,0755,2019,2,12,23,45
1549986300000,11-0015,18875508832,1,13,0755,2019,2,12,23,45
1549986300000,7-0008,18875508887,1,13,0755,2019,2,12,23,45
1549986300000,4-0003,18875508888,1,13,0755,2019,2,12,23,45
1549986300000,20-0007,18875508922,1,13,0755,2019,2,12,23,45
1549986300000,18-0005,18875508933,1,13,0755,2019,2,12,23,45
1549986300000,15-0004,18875508956,1,13,0755,2019,2,12,23,45
1549986300000,22-0019,18875508959,1,13,0755,2019,2,12,23,45
1549986300000,16-0008,18875508998,1,13,0755,2019,2,12,23,45
1549986300000,19-0012,18875509029,1,13,0755,2019,2,12,23,45
1549986300000,13-0017,18875509030,1,13,0755,2019,2,12,23,45
1549986300000,18-0015,18875509035,1,13,0755,2019,2,12,23,45
1549986300000,11-0007,18875509040,1,13,0755,2019,2,12,23,45
1549986300000,6-0016,18875509043,1,13,0755,2019,2,12,23,45
1549986300000,12-0018,18875509064,1,13,0755,2019,2,12,23,45
1549986300000,21-0019,18875509124,1,13,0755,2019,2,12,23,45
1549986300000,19-0013,18875509176,1,13,0755,2019,2,12,23,45
1549986300000,5-0012,18875509191,1,13,0755,2019,2,12,23,45
1549986300000,13-0009,18875509199,1,13,0755,2019,2,12,23,45
1549986300000,18-0012,18875509210,1,13,0755,2019,2,12,23,45
1549986300000,7-0017,18875509216,2,13,0753,2019,2,12,23,45
1549986300000,17-0004,18875509224,1,13,0755,2019,2,12,23,45
1549986300000,4-0002,18875509236,1,13,0755,2019,2,12,23,45
1549986300000,8-0001,18875509242,1,13,0755,2019,2,12,23,45
1549986300000,6-0013,18875509251,1,13,0755,2019,2,12,23,45
1549986300000,13-0013,18875509273,1,13,0755,2019,2,12,23,45
1549986300000,16-0018,18875509313,2,13,020,2019,2,12,23,45
1549986300000,14-0013,18875509314,2,13,0750,2019,2,12,23,45
1549986300000,13-0011,18875509378,1,13,0755,2019,2,12,23,45
1549986300000,15-0008,18875509418,2,13,0757,2019,2,12,23,45
1549986300000,4-0004,18875509432,1,13,0755,2019,2,12,23,45
1549986300000,9-0000,18875509439,1,13,0755,2019,2,12,23,45
1549986300000,9-0004,18875509459,1,13,0755,2019,2,12,23,45
1549986300000,16-0009,18875509477,1,13,0755,2019,2,12,23,45
1549986300000,23-0000,18875509479,1,13,0755,2019,2,12,23,45
1549986300000,8-0003,18875509490,1,13,0755,2019,2,12,23,45
1549986300000,22-0010,18875509495,1,13,0755,2019,2,12,23,45
1549986300000,14-0007,18875509511,1,13,0755,2019,2,12,23,45
1549986300000,12-0014,18875509529,1,13,0755,2019,2,12,23,45
1549986300000,24-0014,18875509538,1,13,0755,2019,2,12,23,45
1549986300000,21-0017,18875509549,1,13,0755,2019,2,12,23,45
1549986300000,14-0008,18875509566,1,13,0755,2019,2,12,23,45
1549986300000,23-0013,18875509572,1,13,0755,2019,2,12,23,45
1549986300000,15-0007,18875509579,1,13,0755,2019,2,12,23,45
1549986300000,18-0012,18875509596,1,13,0755,2019,2,12,23,45
1549986300000,19-0012,18875509653,1,13,0755,2019,2,12,23,45
1549986300000,24-0000,18875509655,1,13,0755,2019,2,12,23,45
1549986300000,15-0012,18875509657,1,13,0755,2019,2,12,23,45
1549986300000,22-0006,18875509665,1,13,0755,2019,2,12,23,45
1549986300000,10-0008,18875509669,1,13,0755,2019,2,12,23,45
1549986300000,10-0008,18875509676,1,13,0755,2019,2,12,23,45
1549986300000,23-0008,18875509677,1,13,0755,2019,2,12,23,45
1549986300000,24-0011,18875509700,1,13,0755,2019,2,12,23,45
1549986300000,14-0009,18875509714,2,13,0750,2019,2,12,23,45
1549986300000,21-0014,18875509722,1,13,0755,2019,2,12,23,45
1549986300000,14-0015,18875509752,1,13,0755,2019,2,12,23,45
1549986300000,7-0013,18875509770,1,13,0755,2019,2,12,23,45
1549986300000,5-0006,18875509807,3,22,0,2019,2,12,23,45
1549986300000,17-0013,18875509819,1,13,0755,2019,2,12,23,45
1549986300000,14-0002,18875509830,1,13,0755,2019,2,12,23,45
1549986300000,13-0014,18875509845,1,13,0755,2019,2,12,23,45
1549986300000,5-0005,18875509848,1,13,0755,2019,2,12,23,45
1549986300000,21-0002,18875509853,1,13,0755,2019,2,12,23,45
1549986300000,21-0005,18875509857,1,13,0755,2019,2,12,23,45
1549986300000,22-0015,18875509871,1,13,0755,2019,2,12,23,45
1549986300000,18-0006,18875509874,1,13,0755,2019,2,12,23,45
1549986300000,23-0009,18875509911,1,13,0755,2019,2,12,23,45
1549986300000,4-0016,18875509921,1,13,0755,2019,2,12,23,45
1549986300000,8-0018,18875509922,1,13,0755,2019,2,12,23,45
1549986300000,21-0006,18875509923,1,13,0755,2019,2,12,23,45
1549986300000,8-0001,18875509934,1,13,0755,2019,2,12,23,45
1549986300000,15-0001,18875509939,1,13,0755,2019,2,12,23,45
1549986300000,17-0003,18875509957,1,13,0755,2019,2,12,23,45
1549986300000,14-0017,18875509969,1,13,0755,2019,2,12,23,45
