1549901700000,24-0007,18875500001,4,0,0,2019,2,12,0,15
1549901700000,13-0003,18875500073,1,13,0755,2019,2,12,0,15
1549901700000,12-0006,18875500091,1,13,0755,2019,2,12,0,15
1549901700000,22-0002,18875500118,2,13,0757,2019,2,12,0,15
1549901700000,22-0007,18875500157,1,13,0755,2019,2,12,0,15
1549901700000,9-0009,18875500213,2,13,020,2019,2,12,0,15
1549901700000,15-0014,18875500224,1,13,0755,2019,2,12,0,15
1549901700000,15-0000,18875500271,1,13,0755,2019,2,12,0,15
1549901700000,21-0007,18875500316,2,13,0753,2019,2,12,0,15
1549901700000,21-0008,18875500350,0,0,0,2019,2,12,0,15
1549901700000,11-0017,18875500486,1,13,0755,2019,2,12,0,15
1549901700000,4-0019,18875500497,1,13,0755,2019,2,12,0,15
1549901700000,6-0011,18875500594,1,13,0755,2019,2,12,0,15
1549901700000,12-0010,18875500617,2,13,0752,2019,2,12,0,15
1549901700000,7-0003,18875500621,1,13,0755,2019,2,12,0,15
1549901700000,22-0010,18875500625,1,13,0755,2019,2,12,0,15
1549901700000,18-0017,18875500629,1,13,0755,2019,2,12,0,15
1549901700000,20-0012,18875500652,1,13,0755,2019,2,12,0,15
1549901700000,5-0000,18875500657,1,13,0755,2019,2,12,0,15
1549901700000,8-0016,18875500906,3,21,0,2019,2,12,0,15
1549901700000,22-0010,18875500949,1,13,0755,2019,2,12,0,15
1549901700000,4-0013,18875501014,2,13,0750,2019,2,12,0,15
1549901700000,4-0004,18875501091,1,13,0755,2019,2,12,0,15
1549901700000,4-0017,18875501138,1,13,0755,2019,2,12,0,15
1549901700000,24-0009,18875501169,1,13,0755,2019,2,12,0,15
1549901700000,8-0013,18875501239,1,13,0755,2019,2,12,0,15
1549901700000,22-0002,18875501275,1,13,0755,2019,2,12,0,15
1549901700000,19-0011,18875501283,1,13,0755,2019,2,12,0,15
1549901700000,16-0014,18875501289,1,13,0755,2019,2,12,0,15
1549901700000,12-0005,18875501290,1,13,0755,2019,2,12,0,15
1549901700000,9-0019,18875501291,1,13,0755,2019,2,12,0,15
1549901700000,16-0008,18875501423,1,13,0755,2019,2,12,0,15
1549901700000,11-0006,18875501509,1,13,0755,2019,2,12,0,15
1549901700000,14-0015,18875501521,1,13,0755,2019,2,12,0,15
1549901700000,6-0010,18875501579,1,13,0755,2019,2,12,0,15
1549901700000,12-0003,18875501621,1,13,0755,2019,2,12,0,15
1549901700000,12-0012,18875501670,1,13,0755,2019,2,12,0,15
1549901700000,12-0011,18875501741,1,13,0755,2019,2,12,0,15
1549901700000,4-0005,18875501790,1,13,0755,2019,2,12,0,15
1549901700000,9-0019,18875501829,1,13,0755,2019,2,12,0,15
1549901700000,22-0011,18875501859,1,13,0755,2019,2,12,0,15
1549901700000,6-0009,18875501870,1,13,0755,2019,2,12,0,15
1549901700000,21-0010,18875501973,1,13,0755,2019,2,12,0,15
1549901700000,24-0018,18875502026,1,13,0755,2019,2,12,0,15
1549901700000,10-0009,18875502053,1,13,0755,2019,2,12,0,15
1549901700000,12-0015,18875502061,1,13,0755,2019,2,12,0,15
1549901700000,12-0007,18875502116,2,13,0753,2019,2,12,0,15
1549901700000,9-0008,18875502117,2,13,0752,2019,2,12,0,15
1549901700000,24-0019,18875502205,3,14,0,2019,2,12,0,15
1549901700000,23-0006,18875502260,1,13,0755,2019,2,12,0,15
1549901700000,6-0005,18875502359,1,13,0755,2019,2,12,0,15
1549901700000,18-0019,18875502363,1,13,0755,2019,2,12,0,15
1549901700000,13-0014,18875502407,3,22,0,2019,2,12,0,15
1549901700000,24-0017,18875502662,1,13,0755,2019,2,12,0,15
1549901700000,13-0016,18875502744,1,13,0755,2019,2,12,0,15
1549901700000,17-0017,18875502811,1,13,0755,2019,2,12,0,15
1549901700000,17-0003,18875502899,1,13,0755,2019,2,12,0,15
1549901700000,9-0014,18875502963,1,13,0755,2019,2,12,0,15
1549901700000,7-0008,18875502967,1,13,0755,2019,2,12,0,15
1549901700000,20-0019,18875503121,1,13,0755,2019,2,12,0,15
1549901700000,7-0017,18875503174,1,13,0755,2019,2,12,0,15
1549901700000,17-0002,18875503197,1,13,0755,2019,2,12,0,15
1549901700000,21-0016,18875503255,1,13,0755,2019,2,12,0,15
1549901700000,19-0015,18875503339,1,13,0755,2019,2,12,0,15
1549901700000,14-0015,18875503391,1,13,0755,2019,2,12,0,15
1549901700000,22-0002,18875503538,1,13,0755,2019,2,12,0,15
1549901700000,12-0010,18875503560,1,13,0755,2019,2,12,0,15
1549901700000,13-0003,18875503564,1,13,0755,2019,2,12,0,15
1549901700000,22-0018,18875503589,1,13,0755,2019,2,12,0,15
1549901700000,20-0014,18875503659,1,13,0755,2019,2,12,0,15
1549901700000,24-0012,18875503660,1,13,0755,2019,2,12,0,15
1549901700000,7-0009,18875503783,1,13,0755,2019,2,12,0,15
1549901700000,18-0014,18875503861,1,13,0755,2019,2,12,0,15
1549901700000,6-0009,18875503901,4,0,0,2019,2,12,0,15
1549901700000,23-0014,18875503940,1,13,0755,2019,2,12,0,15
1549901700000,19-0019,18875503974,1,13,0755,2019,2,12,0,15
1549901700000,19-0013,18875504042,1,13,0755,2019,2,12,0,15
1549901700000,21-0019,18875504062,1,13,0755,2019,2,12,0,15
1549901700000,16-0000,18875504122,1,13,0755,2019,2,12,0,15
1549901700000,5-0013,18875504162,1,13,0755,2019,2,12,0,15
1549901700000,10-0019,18875504172,1,13,0755,2019,2,12,0,15
1549901700000,16-0006,18875504178,1,13,0755,2019,2,12,0,15
1549901700000,15-0005,18875504334,1,13,0755,2019,2,12,0,15
1549901700000,7-0002,18875504342,1,13,0755,2019,2,12,0,15
1549901700000,8-0012,18875504351,1,13,0755,2019,2,12,0,15
1549901700000,7-0005,18875504352,1,13,0755,2019,2,12,0,15
1549901700000,11-0007,18875504395,1,13,0755,2019,2,12,0,15
1549901700000,4-0007,18875504532,1,13,0755,2019,2,12,0,15
1549901700000,15-0011,18875504572,1,13,0755,2019,2,12,0,15
1549901700000,15-0001,18875504602,3,10,0,2019,2,12,0,15
1549901700000,14-0002,18875504645,1,13,0755,2019,2,12,0,15
1549901700000,19-0016,18875504672,1,13,0755,2019,2,12,0,15
1549901700000,24-0005,18875504713,2,13,020,2019,2,12,0,15
1549901700000,12-0012,18875504736,1,13,0755,2019,2,12,0,15
1549901700000,9-0016,18875504816,2,13,0753,2019,2,12,0,15
1549901700000,16-0009,18875504825,1,13,0755,2019,2,12,0,15
1549901700000,16-0000,18875504851,1,13,0755,2019,2,12,0,15
1549901700000,21-0002,18875504905,3,14,0,2019,2,12,0,15
1549901700000,21-0004,18875504912,1,13,0755,2019,2,12,0,15
1549901700000,16-0017,18875504925,1,13,0755,2019,2,12,0,15
1549901700000,4-0007,18875504938,1,13,0755,2019,2,12,0,15
1549901700000,15-0011,18875505118,2,13,0757,2019,2,12,0,15
1549901700000,23-0003,18875505138,1,13,0755,2019,2,12,0,15
1549901700000,16-0009,18875505157,1,13,0755,2019,2,12,0,15
1549901700000,9-0000,18875505204,3,12,0,2019,2,12,0,15
1549901700000,4-0004,18875505279,1,13,0755,2019,2,12,0,15
1549901700000,10-0001,18875505299,1,13,0755,2019,2,12,0,15
1549901700000,17-0007,18875505359,1,13,0755,2019,2,12,0,15
1549901700000,24-0008,18875505362,1,13,0755,2019,2,12,0,15
1549901700000,21-0001,18875505427,1,13,0755,2019,2,12,0,15
1549901700000,21-0000,18875505499,1,13,0755,2019,2,12,0,15
1549901700000,19-0018,18875505539,1,13,0755,2019,2,12,0,15
1549901700000,21-0015,18875505543,1,13,0755,2019,2,12,0,15
1549901700000,10-0004,18875505549,1,13,0755,2019,2,12,0,15
1549901700000,6-0008,18875505701,4,0,0,2019,2,12,0,15
1549901700000,10-0013,18875505708,3,24,0,2019,2,12,0,15
1549901700000,4-0018,18875505770,1,13,0755,2019,2,12,0,15
1549901700000,4-0003,18875505815,2,13,0758,2019,2,12,0,15
1549901700000,5-0000,18875505849,1,13,0755,2019,2,12,0,15
1549901700000,5-0008,18875505851,1,13,0755,2019,2,12,0,15
1549901700000,17-0009,18875505929,1,13,0755,2019,2,12,0,15
1549901700000,13-0015,18875505956,1,13,0755,2019,2,12,0,15
1549901700000,11-0015,18875506081,1,13,0755,2019,2,12,0,15
1549901700000,6-0002,18875506116,2,13,0753,2019,2,12,0,15
1549901700000,22-0018,18875506129,1,13,0755,2019,2,12,0,15
1549901700000,22-0014,18875506167,1,13,0755,2019,2,12,0,15
1549901700000,15-0015,18875506248,1,13,0755,2019,2,12,0,15
1549901700000,9-0017,18875506357,1,13,0755,2019,2,12,0,15
1549901700000,22-0007,18875506391,1,13,0755,2019,2,12,0,15
1549901700000,16-0014,18875506439,1,13,0755,2019,2,12,0,15
1549901700000,7-0001,18875506482,1,13,0755,2019,2,12,0,15
1549901700000,17-0018,18875506544,1,13,0755,2019,2,12,0,15
1549901700000,8-0011,18875506588,1,13,0755,2019,2,12,0,15
1549901700000,20-0014,18875506626,1,13,0755,2019,2,12,0,15
1549901700000,21-0017,18875506639,1,13,0755,2019,2,12,0,15
1549901700000,21-0000,18875506689,1,13,0755,2019,2,12,0,15
1549901700000,7-0011,18875506698,1,13,0755,2019,2,12,0,15
1549901700000,18-0012,18875506706,3,21,0,2019,2,12,0,15
1549901700000,24-0012,18875506714,2,13,0750,2019,2,12,0,15
1549901700000,8-0012,18875506776,1,13,0755,2019,2,12,0,15
1549901700000,23-0006,18875506853,1,13,0755,2019,2,12,0,15
1549901700000,12-0019,18875506907,3,22,0,2019,2,12,0,15
1549901700000,13-0019,18875506972,1,13,0755,2019,2,12,0,15
1549901700000,12-0014,18875507026,1,13,0755,2019,2,12,0,15
1549901700000,19-0012,18875507041,1,13,0755,2019,2,12,0,15
1549901700000,6-0006,18875507090,1,13,0755,2019,2,12,0,15
1549901700000,12-0014,18875507184,1,13,0755,2019,2,12,0,15
1549901700000,9-0015,18875507264,1,13,0755,2019,2,12,0,15
1549901700000,4-0014,18875507286,1,13,0755,2019,2,12,0,15
1549901700000,7-0016,18875507311,1,13,0755,2019,2,12,0,15
1549901700000,21-0001,18875507320,1,13,0755,2019,2,12,0,15
1549901700000,11-0009,18875507353,1,13,0755,2019,2,12,0,15
1549901700000,14-0016,18875507559,1,13,0755,2019,2,12,0,15
1549901700000,18-0017,18875507654,1,13,0755,2019,2,12,0,15
1549901700000,5-0019,18875507660,1,13,0755,2019,2,12,0,15
1549901700000,4-0010,18875507672,1,13,0755,2019,2,12,0,15
1549901700000,12-0015,18875507698,1,13,0755,2019,2,12,0,15
1549901700000,20-0015,18875507699,1,13,0755,2019,2,12,0,15
1549901700000,7-0009,18875507816,2,13,0753,2019,2,12,0,15
1549901700000,6-0008,18875507850,0,0,0,2019,2,12,0,15
1549901700000,15-0018,18875507880,1,13,0755,2019,2,12,0,15
1549901700000,5-0007,18875507900,1,13,0755,2019,2,12,0,15
1549901700000,23-0018,18875508076,1,13,0755,2019,2,12,0,15
1549901700000,22-0000,18875508079,1,13,0755,2019,2,12,0,15
1549901700000,20-0014,18875508179,1,13,0755,2019,2,12,0,15
1549901700000,8-0018,18875508261,1,13,0755,2019,2,12,0,15
1549901700000,12-0013,18875508273,1,13,0755,2019,2,12,0,15
1549901700000,16-0019,18875508303,3,11,0,2019,2,12,0,15
1549901700000,7-0012,18875508311,1,13,0755,2019,2,12,0,15
1549901700000,9-0001,18875508328,1,13,0755,2019,2,12,0,15
1549901700000,16-0008,18875508338,1,13,0755,2019,2,12,0,15
1549901700000,18-0002,18875508355,1,13,0755,2019,2,12,0,15
1549901700000,10-0019,18875508414,2,13,0750,2019,2,12,0,15
1549901700000,4-0016,18875508419,1,13,0755,2019,2,12,0,15
1549901700000,19-0019,18875508455,1,13,0755,2019,2,12,0,15
1549901700000,12-0007,18875508497,1,13,0755,2019,2,12,0,15
1549901700000,5-0002,18875508505,3,14,0,2019,2,12,0,15
1549901700000,17-0000,18875508550,0,0,0,2019,2,12,0,15
1549901700000,23-0001,18875508562,1,13,0755,2019,2,12,0,15
1549901700000,9-0018,18875508608,3,24,0,2019,2,12,0,15
1549901700000,4-0000,18875508685,1,13,0755,2019,2,12,0,15
1549901700000,16-0014,18875508692,1,13,0755,2019,2,12,0,15
1549901700000,14-0008,18875508711,1,13,0755,2019,2,12,0,15
1549901700000,9-0005,18875508724,1,13,0755,2019,2,12,0,15
1549901700000,20-0011,18875508931,1,13,0755,2019,2,12,0,15
1549901700000,11-0001,18875508938,1,13,0755,2019,2,12,0,15
1549901700000,24-0015,18875509001,4,0,0,2019,2,12,0,15
1549901700000,22-0014,18875509112,1,13,0755,2019,2,12,0,15
1549901700000,24-0008,18875509139,1,13,0755,2019,2,12,0,15
1549901700000,16-0002,18875509193,1,13,0755,2019,2,12,0,15
1549901700000,8-0001,18875509403,3,11,0,2019,2,12,0,15
1549901700000,22-0011,18875509438,1,13,0755,2019,2,12,0,15
1549901700000,22-0017,18875509498,1,13,0755,2019,2,12,0,15
1549901700000,6-0003,18875509688,1,13,0755,2019,2,12,0,15
1549901700000,13-0000,18875509727,1,13,0755,2019,2,12,0,15
1549901700000,18-0008,18875509741,1,13,0755,2019,2,12,0,15
1549901700000,4-0009,18875509920,1,13,0755,2019,2,12,0,15
1549901700000,24-0012,18875509932,1,13,0755,2019,2,12,0,15
