1549997100000,11-0008,18875500002,3,10,0,2019,2,13,2,45
1549997100000,5-0000,18875500021,1,13,0755,2019,2,13,2,45
1549997100000,23-0006,18875500023,1,13,0755,2019,2,13,2,45
1549997100000,18-0017,18875500027,1,13,0755,2019,2,13,2,45
1549997100000,23-0008,18875500032,1,13,0755,2019,2,13,2,45
1549997100000,9-0008,18875500062,1,13,0755,2019,2,13,2,45
1549997100000,17-0006,18875500063,1,13,0755,2019,2,13,2,45
1549997100000,13-0014,18875500084,1,13,0755,2019,2,13,2,45
1549997100000,6-0008,18875500086,1,13,0755,2019,2,13,2,45
1549997100000,6-0015,18875500121,1,13,0755,2019,2,13,2,45
1549997100000,12-0016,18875500134,1,13,0755,2019,2,13,2,45
1549997100000,13-0008,18875500139,1,13,0755,2019,2,13,2,45
1549997100000,17-0005,18875500140,1,13,0755,2019,2,13,2,45
1549997100000,17-0012,18875500145,1,13,0755,2019,2,13,2,45
1549997100000,10-0003,18875500148,1,13,0755,2019,2,13,2,45
1549997100000,15-0001,18875500163,1,13,0755,2019,2,13,2,45
1549997100000,7-0004,18875500182,1,13,0755,2019,2,13,2,45
1549997100000,15-0006,18875500190,1,13,0755,2019,2,13,2,45
1549997100000,11-0008,18875500201,4,0,0,2019,2,13,2,45
1549997100000,23-0000,18875500217,2,13,0752,2019,2,13,2,45
1549997100000,24-0016,18875500220,1,13,0755,2019,2,13,2,45
1549997100000,21-0009,18875500249,1,13,0755,2019,2,13,2,45
1549997100000,4-0006,18875500274,1,13,0755,2019,2,13,2,45
1549997100000,17-0002,18875500276,1,13,0755,2019,2,13,2,45
1549997100000,14-0017,18875500280,1,13,0755,2019,2,13,2,45
1549997100000,20-0002,18875500282,1,13,0755,2019,2,13,2,45
1549997100000,17-0010,18875500308,3,24,0,2019,2,13,2,45
1549997100000,23-0005,18875500313,2,13,020,2019,2,13,2,45
1549997100000,23-0019,18875500322,1,13,0755,2019,2,13,2,45
1549997100000,14-0000,18875500336,1,13,0755,2019,2,13,2,45
1549997100000,4-0010,18875500353,1,13,0755,2019,2,13,2,45
1549997100000,11-0019,18875500361,1,13,0755,2019,2,13,2,45
1549997100000,20-0013,18875500362,1,13,0755,2019,2,13,2,45
1549997100000,21-0003,18875500363,1,13,0755,2019,2,13,2,45
1549997100000,10-0008,18875500375,1,13,0755,2019,2,13,2,45
1549997100000,12-0018,18875500385,1,13,0755,2019,2,13,2,45
1549997100000,13-0010,18875500389,1,13,0755,2019,2,13,2,45
1549997100000,16-0009,18875500399,1,13,0755,2019,2,13,2,45
1549997100000,20-0005,18875500409,1,13,0755,2019,2,13,2,45
1549997100000,18-0012,18875500410,1,13,0755,2019,2,13,2,45
1549997100000,21-0011,18875500416,2,13,0753,2019,2,13,2,45
1549997100000,21-0014,18875500418,2,13,0757,2019,2,13,2,45
1549997100000,14-0016,18875500420,1,13,0755,2019,2,13,2,45
1549997100000,9-0008,18875500428,1,13,0755,2019,2,13,2,45
1549997100000,16-0008,18875500436,1,13,0755,2019,2,13,2,45
1549997100000,12-0015,18875500438,1,13,0755,2019,2,13,2,45
1549997100000,22-0008,18875500454,1,13,0755,2019,2,13,2,45
1549997100000,6-0002,18875500456,1,13,0755,2019,2,13,2,45
1549997100000,6-0015,18875500462,1,13,0755,2019,2,13,2,45
1549997100000,23-0013,18875500467,1,13,0755,2019,2,13,2,45
1549997100000,16-0018,18875500468,1,13,0755,2019,2,13,2,45
1549997100000,13-0004,18875500486,1,13,0755,2019,2,13,2,45
1549997100000,9-0014,18875500489,1,13,0755,2019,2,13,2,45
1549997100000,4-0015,18875500505,3,14,0,2019,2,13,2,45
1549997100000,13-0011,18875500506,3,21,0,2019,2,13,2,45
1549997100000,10-0002,18875500510,1,13,0755,2019,2,13,2,45
1549997100000,8-0008,18875500520,1,13,0755,2019,2,13,2,45
1549997100000,17-0002,18875500534,1,13,0755,2019,2,13,2,45
1549997100000,4-0000,18875500537,1,13,0755,2019,2,13,2,45
1549997100000,15-0001,18875500544,1,13,0755,2019,2,13,2,45
1549997100000,21-0015,18875500550,0,0,0,2019,2,13,2,45
1549997100000,9-0019,18875500559,1,13,0755,2019,2,13,2,45
1549997100000,23-0003,18875500578,1,13,0755,2019,2,13,2,45
1549997100000,18-0016,18875500585,1,13,0755,2019,2,13,2,45
1549997100000,22-0015,18875500591,1,13,0755,2019,2,13,2,45
1549997100000,24-0001,18875500605,3,14,0,2019,2,13,2,45
1549997100000,4-0004,18875500606,3,21,0,2019,2,13,2,45
1549997100000,17-0017,18875500609,1,13,0755,2019,2,13,2,45
1549997100000,5-0006,18875500610,1,13,0755,2019,2,13,2,45
1549997100000,18-0017,18875500618,2,13,0757,2019,2,13,2,45
1549997100000,7-0012,18875500629,1,13,0755,2019,2,13,2,45
1549997100000,23-0013,18875500636,1,13,0755,2019,2,13,2,45
1549997100000,19-0010,18875500645,1,13,0755,2019,2,13,2,45
1549997100000,6-0002,18875500646,1,13,0755,2019,2,13,2,45
1549997100000,24-0011,18875500653,1,13,0755,2019,2,13,2,45
1549997100000,14-0006,18875500658,1,13,0755,2019,2,13,2,45
1549997100000,5-0014,18875500684,1,13,0755,2019,2,13,2,45
1549997100000,23-0007,18875500703,3,11,0,2019,2,13,2,45
1549997100000,23-0019,18875500709,1,13,0755,2019,2,13,2,45
1549997100000,13-0003,18875500712,1,13,0755,2019,2,13,2,45
1549997100000,8-0014,18875500716,2,13,0753,2019,2,13,2,45
1549997100000,15-0001,18875500719,1,13,0755,2019,2,13,2,45
1549997100000,8-0017,18875500720,1,13,0755,2019,2,13,2,45
1549997100000,6-0013,18875500736,1,13,0755,2019,2,13,2,45
1549997100000,21-0006,18875500756,1,13,0755,2019,2,13,2,45
1549997100000,24-0002,18875500757,1,13,0755,2019,2,13,2,45
1549997100000,7-0011,18875500759,1,13,0755,2019,2,13,2,45
1549997100000,21-0014,18875500763,1,13,0755,2019,2,13,2,45
1549997100000,12-0009,18875500764,1,13,0755,2019,2,13,2,45
1549997100000,7-0004,18875500777,1,13,0755,2019,2,13,2,45
1549997100000,10-0009,18875500788,1,13,0755,2019,2,13,2,45
1549997100000,11-0012,18875500791,1,13,0755,2019,2,13,2,45
1549997100000,21-0008,18875500801,4,0,0,2019,2,13,2,45
1549997100000,14-0003,18875500814,2,13,0750,2019,2,13,2,45
1549997100000,7-0015,18875500816,2,13,0753,2019,2,13,2,45
1549997100000,4-0002,18875500820,1,13,0755,2019,2,13,2,45
1549997100000,8-0008,18875500824,1,13,0755,2019,2,13,2,45
1549997100000,8-0013,18875500841,1,13,0755,2019,2,13,2,45
1549997100000,16-0016,18875500845,1,13,0755,2019,2,13,2,45
1549997100000,8-0001,18875500846,1,13,0755,2019,2,13,2,45
1549997100000,21-0011,18875500848,1,13,0755,2019,2,13,2,45
1549997100000,15-0004,18875500853,1,13,0755,2019,2,13,2,45
1549997100000,13-0011,18875500855,1,13,0755,2019,2,13,2,45
1549997100000,20-0016,18875500856,1,13,0755,2019,2,13,2,45
1549997100000,9-0019,18875500860,1,13,0755,2019,2,13,2,45
1549997100000,12-0002,18875500866,1,13,0755,2019,2,13,2,45
1549997100000,10-0018,18875500876,1,13,0755,2019,2,13,2,45
1549997100000,5-0019,18875500878,1,13,0755,2019,2,13,2,45
1549997100000,12-0000,18875500880,1,13,0755,2019,2,13,2,45
1549997100000,7-0017,18875500892,1,13,0755,2019,2,13,2,45
1549997100000,4-0002,18875500893,1,13,0755,2019,2,13,2,45
1549997100000,9-0008,18875500916,2,13,0753,2019,2,13,2,45
1549997100000,10-0013,18875500924,1,13,0755,2019,2,13,2,45
1549997100000,6-0002,18875500974,1,13,0755,2019,2,13,2,45
1549997100000,6-0001,18875500984,1,13,0755,2019,2,13,2,45
1549997100000,11-0010,18875500985,1,13,0755,2019,2,13,2,45
1549997100000,4-0010,18875500998,1,13,0755,2019,2,13,2,45
1549997100000,15-0011,18875501000,1,13,0755,2019,2,13,2,45
1549997100000,18-0000,18875501005,3,14,0,2019,2,13,2,45
1549997100000,9-0007,18875501006,3,21,0,2019,2,13,2,45
1549997100000,5-0018,18875501016,2,13,0753,2019,2,13,2,45
1549997100000,9-0014,18875501026,1,13,0755,2019,2,13,2,45
1549997100000,24-0015,18875501029,1,13,0755,2019,2,13,2,45
1549997100000,6-0012,18875501032,1,13,0755,2019,2,13,2,45
1549997100000,14-0019,18875501033,1,13,0755,2019,2,13,2,45
1549997100000,4-0011,18875501036,1,13,0755,2019,2,13,2,45
1549997100000,24-0015,18875501039,1,13,0755,2019,2,13,2,45
1549997100000,9-0001,18875501052,1,13,0755,2019,2,13,2,45
1549997100000,12-0011,18875501054,1,13,0755,2019,2,13,2,45
1549997100000,11-0008,18875501064,1,13,0755,2019,2,13,2,45
1549997100000,9-0006,18875501066,1,13,0755,2019,2,13,2,45
1549997100000,22-0014,18875501083,1,13,0755,2019,2,13,2,45
1549997100000,19-0009,18875501097,1,13,0755,2019,2,13,2,45
1549997100000,15-0014,18875501103,3,11,0,2019,2,13,2,45
1549997100000,21-0005,18875501121,1,13,0755,2019,2,13,2,45
1549997100000,11-0007,18875501123,1,13,0755,2019,2,13,2,45
1549997100000,21-0016,18875501127,1,13,0755,2019,2,13,2,45
1549997100000,8-0019,18875501146,1,13,0755,2019,2,13,2,45
1549997100000,5-0014,18875501147,1,13,0755,2019,2,13,2,45
1549997100000,23-0003,18875501148,1,13,0755,2019,2,13,2,45
1549997100000,14-0015,18875501149,1,13,0755,2019,2,13,2,45
1549997100000,10-0008,18875501174,1,13,0755,2019,2,13,2,45
1549997100000,12-0000,18875501182,1,13,0755,2019,2,13,2,45
1549997100000,6-0006,18875501183,1,13,0755,2019,2,13,2,45
1549997100000,11-0002,18875501189,1,13,0755,2019,2,13,2,45
1549997100000,21-0018,18875501196,1,13,0755,2019,2,13,2,45
1549997100000,15-0000,18875501199,1,13,0755,2019,2,13,2,45
1549997100000,23-0005,18875501206,3,21,0,2019,2,13,2,45
1549997100000,21-0013,18875501234,1,13,0755,2019,2,13,2,45
1549997100000,18-0001,18875501238,1,13,0755,2019,2,13,2,45
1549997100000,5-0017,18875501239,1,13,0755,2019,2,13,2,45
1549997100000,20-0019,18875501255,1,13,0755,2019,2,13,2,45
1549997100000,19-0005,18875501257,1,13,0755,2019,2,13,2,45
1549997100000,8-0006,18875501277,1,13,0755,2019,2,13,2,45
1549997100000,4-0009,18875501278,1,13,0755,2019,2,13,2,45
1549997100000,17-0007,18875501292,1,13,0755,2019,2,13,2,45
1549997100000,6-0006,18875501313,2,13,020,2019,2,13,2,45
1549997100000,16-0014,18875501323,1,13,0755,2019,2,13,2,45
1549997100000,24-0007,18875501337,1,13,0755,2019,2,13,2,45
1549997100000,18-0008,18875501349,1,13,0755,2019,2,13,2,45
1549997100000,13-0013,18875501364,1,13,0755,2019,2,13,2,45
1549997100000,15-0011,18875501370,1,13,0755,2019,2,13,2,45
1549997100000,15-0013,18875501375,1,13,0755,2019,2,13,2,45
1549997100000,10-0016,18875501381,1,13,0755,2019,2,13,2,45
1549997100000,23-0015,18875501383,1,13,0755,2019,2,13,2,45
1549997100000,6-0009,18875501384,1,13,0755,2019,2,13,2,45
1549997100000,19-0011,18875501386,1,13,0755,2019,2,13,2,45
1549997100000,22-0018,18875501413,2,13,020,2019,2,13,2,45
1549997100000,9-0019,18875501421,1,13,0755,2019,2,13,2,45
1549997100000,5-0019,18875501423,1,13,0755,2019,2,13,2,45
1549997100000,14-0005,18875501425,1,13,0755,2019,2,13,2,45
1549997100000,8-0004,18875501442,1,13,0755,2019,2,13,2,45
1549997100000,24-0016,18875501478,1,13,0755,2019,2,13,2,45
1549997100000,5-0005,18875501510,1,13,0755,2019,2,13,2,45
1549997100000,10-0004,18875501528,1,13,0755,2019,2,13,2,45
1549997100000,13-0012,18875501535,1,13,0755,2019,2,13,2,45
1549997100000,19-0011,18875501548,1,13,0755,2019,2,13,2,45
1549997100000,24-0001,18875501562,1,13,0755,2019,2,13,2,45
1549997100000,10-0005,18875501563,1,13,0755,2019,2,13,2,45
1549997100000,11-0010,18875501564,1,13,0755,2019,2,13,2,45
1549997100000,20-0010,18875501569,1,13,0755,2019,2,13,2,45
1549997100000,8-0003,18875501573,1,13,0755,2019,2,13,2,45
1549997100000,6-0009,18875501580,1,13,0755,2019,2,13,2,45
1549997100000,8-0014,18875501595,1,13,0755,2019,2,13,2,45
1549997100000,17-0015,18875501601,4,0,0,2019,2,13,2,45
1549997100000,8-0000,18875501607,3,22,0,2019,2,13,2,45
1549997100000,6-0002,18875501640,1,13,0755,2019,2,13,2,45
1549997100000,14-0008,18875501641,1,13,0755,2019,2,13,2,45
1549997100000,24-0004,18875501659,1,13,0755,2019,2,13,2,45
1549997100000,13-0018,18875501673,1,13,0755,2019,2,13,2,45
1549997100000,16-0014,18875501684,1,13,0755,2019,2,13,2,45
1549997100000,4-0004,18875501690,1,13,0755,2019,2,13,2,45
1549997100000,4-0012,18875501699,1,13,0755,2019,2,13,2,45
1549997100000,12-0002,18875501724,1,13,0755,2019,2,13,2,45
1549997100000,24-0014,18875501726,1,13,0755,2019,2,13,2,45
1549997100000,13-0011,18875501757,1,13,0755,2019,2,13,2,45
1549997100000,18-0001,18875501773,1,13,0755,2019,2,13,2,45
1549997100000,24-0018,18875501782,1,13,0755,2019,2,13,2,45
1549997100000,9-0000,18875501784,1,13,0755,2019,2,13,2,45
1549997100000,14-0008,18875501792,1,13,0755,2019,2,13,2,45
1549997100000,8-0013,18875501793,1,13,0755,2019,2,13,2,45
1549997100000,13-0005,18875501794,1,13,0755,2019,2,13,2,45
1549997100000,6-0001,18875501798,1,13,0755,2019,2,13,2,45
1549997100000,17-0016,18875501805,3,14,0,2019,2,13,2,45
1549997100000,12-0019,18875501812,1,13,0755,2019,2,13,2,45
1549997100000,7-0007,18875501820,1,13,0755,2019,2,13,2,45
1549997100000,19-0016,18875501821,1,13,0755,2019,2,13,2,45
1549997100000,4-0009,18875501838,1,13,0755,2019,2,13,2,45
1549997100000,6-0017,18875501850,0,0,0,2019,2,13,2,45
1549997100000,23-0006,18875501851,1,13,0755,2019,2,13,2,45
1549997100000,6-0016,18875501865,1,13,0755,2019,2,13,2,45
1549997100000,8-0000,18875501874,1,13,0755,2019,2,13,2,45
1549997100000,18-0012,18875501897,1,13,0755,2019,2,13,2,45
1549997100000,7-0017,18875501899,1,13,0755,2019,2,13,2,45
1549997100000,4-0001,18875501902,3,10,0,2019,2,13,2,45
1549997100000,23-0015,18875501914,2,13,0750,2019,2,13,2,45
1549997100000,24-0012,18875501917,2,13,0752,2019,2,13,2,45
1549997100000,13-0008,18875501919,1,13,0755,2019,2,13,2,45
1549997100000,11-0007,18875501926,1,13,0755,2019,2,13,2,45
1549997100000,21-0005,18875501927,1,13,0755,2019,2,13,2,45
1549997100000,10-0018,18875501939,1,13,0755,2019,2,13,2,45
1549997100000,15-0000,18875501954,1,13,0755,2019,2,13,2,45
1549997100000,7-0005,18875501987,1,13,0755,2019,2,13,2,45
1549997100000,14-0017,18875501993,1,13,0755,2019,2,13,2,45
1549997100000,8-0003,18875502004,3,12,0,2019,2,13,2,45
1549997100000,21-0017,18875502006,3,21,0,2019,2,13,2,45
1549997100000,7-0000,18875502008,3,24,0,2019,2,13,2,45
1549997100000,12-0009,18875502012,1,13,0755,2019,2,13,2,45
1549997100000,12-0012,18875502014,2,13,0750,2019,2,13,2,45
1549997100000,21-0016,18875502023,1,13,0755,2019,2,13,2,45
1549997100000,22-0016,18875502031,1,13,0755,2019,2,13,2,45
1549997100000,19-0012,18875502048,1,13,0755,2019,2,13,2,45
1549997100000,19-0012,18875502049,1,13,0755,2019,2,13,2,45
1549997100000,19-0012,18875502115,2,13,0758,2019,2,13,2,45
1549997100000,22-0000,18875502119,1,13,0755,2019,2,13,2,45
1549997100000,19-0014,18875502126,1,13,0755,2019,2,13,2,45
1549997100000,6-0011,18875502129,1,13,0755,2019,2,13,2,45
1549997100000,7-0011,18875502133,1,13,0755,2019,2,13,2,45
1549997100000,12-0014,18875502136,1,13,0755,2019,2,13,2,45
1549997100000,5-0012,18875502143,1,13,0755,2019,2,13,2,45
1549997100000,7-0002,18875502148,1,13,0755,2019,2,13,2,45
1549997100000,18-0015,18875502153,1,13,0755,2019,2,13,2,45
1549997100000,22-0001,18875502169,1,13,0755,2019,2,13,2,45
1549997100000,24-0000,18875502171,1,13,0755,2019,2,13,2,45
1549997100000,7-0017,18875502177,1,13,0755,2019,2,13,2,45
1549997100000,5-0019,18875502179,1,13,0755,2019,2,13,2,45
1549997100000,4-0008,18875502182,1,13,0755,2019,2,13,2,45
1549997100000,4-0002,18875502183,1,13,0755,2019,2,13,2,45
1549997100000,21-0018,18875502184,1,13,0755,2019,2,13,2,45
1549997100000,18-0013,18875502185,1,13,0755,2019,2,13,2,45
1549997100000,10-0011,18875502191,1,13,0755,2019,2,13,2,45
1549997100000,14-0003,18875502200,1,13,0755,2019,2,13,2,45
1549997100000,22-0007,18875502207,3,22,0,2019,2,13,2,45
1549997100000,9-0002,18875502212,1,13,0755,2019,2,13,2,45
1549997100000,18-0015,18875502218,2,13,0757,2019,2,13,2,45
1549997100000,18-0013,18875502222,1,13,0755,2019,2,13,2,45
1549997100000,21-0002,18875502223,1,13,0755,2019,2,13,2,45
1549997100000,13-0017,18875502234,1,13,0755,2019,2,13,2,45
1549997100000,10-0007,18875502243,1,13,0755,2019,2,13,2,45
1549997100000,8-0003,18875502251,1,13,0755,2019,2,13,2,45
1549997100000,16-0014,18875502253,1,13,0755,2019,2,13,2,45
1549997100000,15-0011,18875502262,1,13,0755,2019,2,13,2,45
1549997100000,19-0010,18875502264,1,13,0755,2019,2,13,2,45
1549997100000,13-0010,18875502268,1,13,0755,2019,2,13,2,45
1549997100000,18-0002,18875502272,1,13,0755,2019,2,13,2,45
1549997100000,9-0012,18875502274,1,13,0755,2019,2,13,2,45
1549997100000,13-0016,18875502280,1,13,0755,2019,2,13,2,45
1549997100000,16-0018,18875502284,1,13,0755,2019,2,13,2,45
1549997100000,23-0018,18875502289,1,13,0755,2019,2,13,2,45
1549997100000,13-0012,18875502296,1,13,0755,2019,2,13,2,45
1549997100000,22-0013,18875502300,1,13,0755,2019,2,13,2,45
1549997100000,17-0016,18875502312,1,13,0755,2019,2,13,2,45
1549997100000,12-0016,18875502314,2,13,0750,2019,2,13,2,45
1549997100000,20-0003,18875502320,1,13,0755,2019,2,13,2,45
1549997100000,21-0004,18875502325,1,13,0755,2019,2,13,2,45
1549997100000,9-0014,18875502330,1,13,0755,2019,2,13,2,45
1549997100000,9-0006,18875502336,1,13,0755,2019,2,13,2,45
1549997100000,19-0003,18875502338,1,13,0755,2019,2,13,2,45
1549997100000,6-0008,18875502339,1,13,0755,2019,2,13,2,45
1549997100000,5-0001,18875502366,1,13,0755,2019,2,13,2,45
1549997100000,21-0013,18875502384,1,13,0755,2019,2,13,2,45
1549997100000,12-0003,18875502388,1,13,0755,2019,2,13,2,45
1549997100000,20-0006,18875502392,1,13,0755,2019,2,13,2,45
1549997100000,20-0015,18875502400,1,13,0755,2019,2,13,2,45
1549997100000,16-0015,18875502413,2,13,020,2019,2,13,2,45
1549997100000,4-0016,18875502414,2,13,0750,2019,2,13,2,45
1549997100000,21-0011,18875502417,2,13,0752,2019,2,13,2,45
1549997100000,7-0012,18875502418,2,13,0757,2019,2,13,2,45
1549997100000,6-0018,18875502423,1,13,0755,2019,2,13,2,45
1549997100000,11-0010,18875502432,1,13,0755,2019,2,13,2,45
1549997100000,14-0013,18875502435,1,13,0755,2019,2,13,2,45
1549997100000,11-0014,18875502439,1,13,0755,2019,2,13,2,45
1549997100000,20-0012,18875502441,1,13,0755,2019,2,13,2,45
1549997100000,11-0019,18875502444,1,13,0755,2019,2,13,2,45
1549997100000,16-0009,18875502466,1,13,0755,2019,2,13,2,45
1549997100000,23-0018,18875502468,1,13,0755,2019,2,13,2,45
1549997100000,7-0003,18875502477,1,13,0755,2019,2,13,2,45
1549997100000,9-0011,18875502492,1,13,0755,2019,2,13,2,45
1549997100000,7-0005,18875502502,3,10,0,2019,2,13,2,45
1549997100000,22-0009,18875502510,1,13,0755,2019,2,13,2,45
1549997100000,21-0008,18875502515,2,13,0758,2019,2,13,2,45
1549997100000,5-0011,18875502522,1,13,0755,2019,2,13,2,45
1549997100000,19-0015,18875502540,1,13,0755,2019,2,13,2,45
1549997100000,5-0009,18875502543,1,13,0755,2019,2,13,2,45
1549997100000,9-0014,18875502545,1,13,0755,2019,2,13,2,45
1549997100000,4-0007,18875502560,1,13,0755,2019,2,13,2,45
1549997100000,9-0008,18875502594,1,13,0755,2019,2,13,2,45
1549997100000,24-0003,18875502606,3,21,0,2019,2,13,2,45
1549997100000,8-0016,18875502616,2,13,0753,2019,2,13,2,45
1549997100000,12-0018,18875502626,1,13,0755,2019,2,13,2,45
1549997100000,11-0010,18875502638,1,13,0755,2019,2,13,2,45
1549997100000,12-0016,18875502642,1,13,0755,2019,2,13,2,45
1549997100000,16-0019,18875502672,1,13,0755,2019,2,13,2,45
1549997100000,11-0007,18875502680,1,13,0755,2019,2,13,2,45
1549997100000,24-0015,18875502685,1,13,0755,2019,2,13,2,45
1549997100000,17-0014,18875502694,1,13,0755,2019,2,13,2,45
1549997100000,10-0016,18875502709,1,13,0755,2019,2,13,2,45
1549997100000,12-0009,18875502710,1,13,0755,2019,2,13,2,45
1549997100000,9-0007,18875502716,2,13,0753,2019,2,13,2,45
1549997100000,6-0015,18875502719,1,13,0755,2019,2,13,2,45
1549997100000,10-0012,18875502723,1,13,0755,2019,2,13,2,45
1549997100000,15-0015,18875502734,1,13,0755,2019,2,13,2,45
1549997100000,4-0013,18875502749,1,13,0755,2019,2,13,2,45
1549997100000,23-0014,18875502750,0,0,0,2019,2,13,2,45
1549997100000,20-0013,18875502751,1,13,0755,2019,2,13,2,45
1549997100000,10-0016,18875502753,1,13,0755,2019,2,13,2,45
1549997100000,5-0015,18875502754,1,13,0755,2019,2,13,2,45
1549997100000,10-0009,18875502756,1,13,0755,2019,2,13,2,45
1549997100000,12-0015,18875502775,1,13,0755,2019,2,13,2,45
1549997100000,5-0019,18875502777,1,13,0755,2019,2,13,2,45
1549997100000,21-0019,18875502807,3,22,0,2019,2,13,2,45
1549997100000,9-0016,18875502815,2,13,0758,2019,2,13,2,45
1549997100000,17-0003,18875502822,1,13,0755,2019,2,13,2,45
1549997100000,15-0006,18875502831,1,13,0755,2019,2,13,2,45
1549997100000,20-0011,18875502843,1,13,0755,2019,2,13,2,45
1549997100000,11-0016,18875502850,0,0,0,2019,2,13,2,45
1549997100000,7-0013,18875502855,1,13,0755,2019,2,13,2,45
1549997100000,6-0011,18875502868,1,13,0755,2019,2,13,2,45
1549997100000,22-0008,18875502872,1,13,0755,2019,2,13,2,45
1549997100000,8-0016,18875502873,1,13,0755,2019,2,13,2,45
1549997100000,16-0009,18875502875,1,13,0755,2019,2,13,2,45
1549997100000,7-0000,18875502881,1,13,0755,2019,2,13,2,45
1549997100000,15-0017,18875502883,1,13,0755,2019,2,13,2,45
1549997100000,17-0001,18875502886,1,13,0755,2019,2,13,2,45
1549997100000,11-0006,18875502888,1,13,0755,2019,2,13,2,45
1549997100000,4-0009,18875502901,4,0,0,2019,2,13,2,45
1549997100000,18-0005,18875502914,2,13,0750,2019,2,13,2,45
1549997100000,9-0017,18875502916,2,13,0753,2019,2,13,2,45
1549997100000,15-0014,18875502926,1,13,0755,2019,2,13,2,45
1549997100000,19-0015,18875502939,1,13,0755,2019,2,13,2,45
1549997100000,13-0017,18875502949,1,13,0755,2019,2,13,2,45
1549997100000,8-0010,18875502950,0,0,0,2019,2,13,2,45
1549997100000,24-0007,18875502954,1,13,0755,2019,2,13,2,45
1549997100000,6-0002,18875502956,1,13,0755,2019,2,13,2,45
1549997100000,9-0004,18875502959,1,13,0755,2019,2,13,2,45
1549997100000,6-0006,18875502962,1,13,0755,2019,2,13,2,45
1549997100000,7-0006,18875502988,1,13,0755,2019,2,13,2,45
1549997100000,6-0017,18875502996,1,13,0755,2019,2,13,2,45
1549997100000,4-0009,18875503001,4,0,0,2019,2,13,2,45
1549997100000,16-0002,18875503015,2,13,0758,2019,2,13,2,45
1549997100000,13-0015,18875503024,1,13,0755,2019,2,13,2,45
1549997100000,22-0000,18875503032,1,13,0755,2019,2,13,2,45
1549997100000,16-0005,18875503043,1,13,0755,2019,2,13,2,45
1549997100000,7-0014,18875503050,0,0,0,2019,2,13,2,45
1549997100000,15-0000,18875503064,1,13,0755,2019,2,13,2,45
1549997100000,12-0007,18875503072,1,13,0755,2019,2,13,2,45
1549997100000,13-0006,18875503090,1,13,0755,2019,2,13,2,45
1549997100000,22-0013,18875503094,1,13,0755,2019,2,13,2,45
1549997100000,12-0002,18875503097,1,13,0755,2019,2,13,2,45
1549997100000,12-0013,18875503106,3,21,0,2019,2,13,2,45
1549997100000,24-0005,18875503114,2,13,0750,2019,2,13,2,45
1549997100000,23-0019,18875503116,2,13,0753,2019,2,13,2,45
1549997100000,14-0000,18875503136,1,13,0755,2019,2,13,2,45
1549997100000,12-0001,18875503141,1,13,0755,2019,2,13,2,45
1549997100000,15-0003,18875503144,1,13,0755,2019,2,13,2,45
1549997100000,20-0002,18875503155,1,13,0755,2019,2,13,2,45
1549997100000,21-0010,18875503166,1,13,0755,2019,2,13,2,45
1549997100000,16-0005,18875503171,1,13,0755,2019,2,13,2,45
1549997100000,12-0009,18875503174,1,13,0755,2019,2,13,2,45
1549997100000,21-0006,18875503187,1,13,0755,2019,2,13,2,45
1549997100000,11-0003,18875503196,1,13,0755,2019,2,13,2,45
1549997100000,6-0003,18875503201,4,0,0,2019,2,13,2,45
1549997100000,8-0007,18875503228,1,13,0755,2019,2,13,2,45
1549997100000,16-0019,18875503249,1,13,0755,2019,2,13,2,45
1549997100000,21-0014,18875503272,1,13,0755,2019,2,13,2,45
1549997100000,8-0000,18875503276,1,13,0755,2019,2,13,2,45
1549997100000,16-0003,18875503277,1,13,0755,2019,2,13,2,45
1549997100000,6-0017,18875503279,1,13,0755,2019,2,13,2,45
1549997100000,20-0012,18875503287,1,13,0755,2019,2,13,2,45
1549997100000,16-0014,18875503291,1,13,0755,2019,2,13,2,45
1549997100000,19-0017,18875503295,1,13,0755,2019,2,13,2,45
1549997100000,10-0016,18875503312,1,13,0755,2019,2,13,2,45
1549997100000,4-0018,18875503319,1,13,0755,2019,2,13,2,45
1549997100000,17-0010,18875503321,1,13,0755,2019,2,13,2,45
1549997100000,13-0001,18875503324,1,13,0755,2019,2,13,2,45
1549997100000,13-0015,18875503362,1,13,0755,2019,2,13,2,45
1549997100000,14-0006,18875503364,1,13,0755,2019,2,13,2,45
1549997100000,21-0001,18875503373,1,13,0755,2019,2,13,2,45
1549997100000,24-0014,18875503395,1,13,0755,2019,2,13,2,45
1549997100000,11-0011,18875503405,3,14,0,2019,2,13,2,45
1549997100000,24-0000,18875503417,2,13,0752,2019,2,13,2,45
1549997100000,19-0014,18875503429,1,13,0755,2019,2,13,2,45
1549997100000,11-0006,18875503432,1,13,0755,2019,2,13,2,45
1549997100000,7-0013,18875503441,1,13,0755,2019,2,13,2,45
1549997100000,12-0000,18875503451,1,13,0755,2019,2,13,2,45
1549997100000,15-0018,18875503454,1,13,0755,2019,2,13,2,45
1549997100000,4-0012,18875503463,1,13,0755,2019,2,13,2,45
1549997100000,23-0014,18875503475,1,13,0755,2019,2,13,2,45
1549997100000,22-0012,18875503476,1,13,0755,2019,2,13,2,45
1549997100000,20-0019,18875503508,3,24,0,2019,2,13,2,45
1549997100000,5-0001,18875503510,1,13,0755,2019,2,13,2,45
1549997100000,18-0000,18875503523,1,13,0755,2019,2,13,2,45
1549997100000,4-0010,18875503533,1,13,0755,2019,2,13,2,45
1549997100000,20-0006,18875503545,1,13,0755,2019,2,13,2,45
1549997100000,11-0013,18875503549,1,13,0755,2019,2,13,2,45
1549997100000,16-0012,18875503551,1,13,0755,2019,2,13,2,45
1549997100000,13-0009,18875503579,1,13,0755,2019,2,13,2,45
1549997100000,24-0009,18875503581,1,13,0755,2019,2,13,2,45
1549997100000,23-0008,18875503592,1,13,0755,2019,2,13,2,45
1549997100000,16-0006,18875503600,1,13,0755,2019,2,13,2,45
1549997100000,5-0002,18875503602,3,10,0,2019,2,13,2,45
1549997100000,16-0005,18875503605,3,14,0,2019,2,13,2,45
1549997100000,7-0005,18875503635,1,13,0755,2019,2,13,2,45
1549997100000,9-0003,18875503637,1,13,0755,2019,2,13,2,45
1549997100000,5-0016,18875503656,1,13,0755,2019,2,13,2,45
1549997100000,8-0011,18875503660,1,13,0755,2019,2,13,2,45
1549997100000,15-0008,18875503665,1,13,0755,2019,2,13,2,45
1549997100000,9-0015,18875503669,1,13,0755,2019,2,13,2,45
1549997100000,10-0019,18875503672,1,13,0755,2019,2,13,2,45
1549997100000,13-0000,18875503690,1,13,0755,2019,2,13,2,45
1549997100000,7-0006,18875503706,3,21,0,2019,2,13,2,45
1549997100000,12-0010,18875503714,2,13,0750,2019,2,13,2,45
1549997100000,19-0000,18875503723,1,13,0755,2019,2,13,2,45
1549997100000,10-0008,18875503731,1,13,0755,2019,2,13,2,45
1549997100000,22-0008,18875503741,1,13,0755,2019,2,13,2,45
1549997100000,13-0009,18875503749,1,13,0755,2019,2,13,2,45
1549997100000,21-0003,18875503750,0,0,0,2019,2,13,2,45
1549997100000,12-0004,18875503767,1,13,0755,2019,2,13,2,45
1549997100000,12-0013,18875503768,1,13,0755,2019,2,13,2,45
1549997100000,7-0014,18875503788,1,13,0755,2019,2,13,2,45
1549997100000,4-0018,18875503793,1,13,0755,2019,2,13,2,45
1549997100000,19-0017,18875503797,1,13,0755,2019,2,13,2,45
1549997100000,16-0004,18875503804,3,12,0,2019,2,13,2,45
1549997100000,8-0019,18875503810,1,13,0755,2019,2,13,2,45
1549997100000,6-0005,18875503815,2,13,0758,2019,2,13,2,45
1549997100000,10-0019,18875503819,1,13,0755,2019,2,13,2,45
1549997100000,8-0005,18875503846,1,13,0755,2019,2,13,2,45
1549997100000,4-0016,18875503847,1,13,0755,2019,2,13,2,45
1549997100000,13-0014,18875503849,1,13,0755,2019,2,13,2,45
1549997100000,5-0001,18875503851,1,13,0755,2019,2,13,2,45
1549997100000,5-0007,18875503853,1,13,0755,2019,2,13,2,45
1549997100000,10-0001,18875503859,1,13,0755,2019,2,13,2,45
1549997100000,8-0016,18875503860,1,13,0755,2019,2,13,2,45
1549997100000,11-0010,18875503870,1,13,0755,2019,2,13,2,45
1549997100000,24-0012,18875503871,1,13,0755,2019,2,13,2,45
1549997100000,18-0001,18875503893,1,13,0755,2019,2,13,2,45
1549997100000,20-0009,18875503895,1,13,0755,2019,2,13,2,45
1549997100000,20-0002,18875503897,1,13,0755,2019,2,13,2,45
1549997100000,9-0016,18875503901,4,0,0,2019,2,13,2,45
1549997100000,10-0019,18875503905,3,14,0,2019,2,13,2,45
1549997100000,23-0017,18875503920,1,13,0755,2019,2,13,2,45
1549997100000,18-0008,18875503921,1,13,0755,2019,2,13,2,45
1549997100000,13-0003,18875503932,1,13,0755,2019,2,13,2,45
1549997100000,5-0016,18875503937,1,13,0755,2019,2,13,2,45
1549997100000,6-0015,18875503938,1,13,0755,2019,2,13,2,45
1549997100000,11-0015,18875503942,1,13,0755,2019,2,13,2,45
1549997100000,5-0001,18875503943,1,13,0755,2019,2,13,2,45
1549997100000,15-0002,18875503947,1,13,0755,2019,2,13,2,45
1549997100000,14-0004,18875503950,0,0,0,2019,2,13,2,45
1549997100000,12-0014,18875503954,1,13,0755,2019,2,13,2,45
1549997100000,13-0019,18875503979,1,13,0755,2019,2,13,2,45
1549997100000,4-0017,18875503987,1,13,0755,2019,2,13,2,45
1549997100000,17-0011,18875503995,1,13,0755,2019,2,13,2,45
1549997100000,5-0005,18875503998,1,13,0755,2019,2,13,2,45
1549997100000,9-0009,18875504012,1,13,0755,2019,2,13,2,45
1549997100000,10-0016,18875504014,2,13,0750,2019,2,13,2,45
1549997100000,17-0004,18875504026,1,13,0755,2019,2,13,2,45
1549997100000,21-0000,18875504030,1,13,0755,2019,2,13,2,45
1549997100000,10-0011,18875504039,1,13,0755,2019,2,13,2,45
1549997100000,4-0017,18875504041,1,13,0755,2019,2,13,2,45
1549997100000,5-0007,18875504042,1,13,0755,2019,2,13,2,45
1549997100000,15-0002,18875504061,1,13,0755,2019,2,13,2,45
1549997100000,12-0006,18875504072,1,13,0755,2019,2,13,2,45
1549997100000,18-0000,18875504091,1,13,0755,2019,2,13,2,45
1549997100000,18-0014,18875504103,3,11,0,2019,2,13,2,45
1549997100000,19-0016,18875504108,3,24,0,2019,2,13,2,45
1549997100000,7-0016,18875504109,1,13,0755,2019,2,13,2,45
1549997100000,20-0017,18875504114,2,13,0750,2019,2,13,2,45
1549997100000,14-0009,18875504136,1,13,0755,2019,2,13,2,45
1549997100000,8-0017,18875504141,1,13,0755,2019,2,13,2,45
1549997100000,16-0016,18875504159,1,13,0755,2019,2,13,2,45
1549997100000,15-0003,18875504160,1,13,0755,2019,2,13,2,45
1549997100000,13-0012,18875504167,1,13,0755,2019,2,13,2,45
1549997100000,6-0019,18875504182,1,13,0755,2019,2,13,2,45
1549997100000,15-0011,18875504196,1,13,0755,2019,2,13,2,45
1549997100000,24-0006,18875504218,2,13,0757,2019,2,13,2,45
1549997100000,16-0015,18875504220,1,13,0755,2019,2,13,2,45
1549997100000,4-0003,18875504228,1,13,0755,2019,2,13,2,45
1549997100000,4-0006,18875504239,1,13,0755,2019,2,13,2,45
1549997100000,10-0014,18875504258,1,13,0755,2019,2,13,2,45
1549997100000,11-0003,18875504262,1,13,0755,2019,2,13,2,45
1549997100000,8-0014,18875504263,1,13,0755,2019,2,13,2,45
1549997100000,10-0018,18875504272,1,13,0755,2019,2,13,2,45
1549997100000,12-0009,18875504279,1,13,0755,2019,2,13,2,45
1549997100000,15-0009,18875504299,1,13,0755,2019,2,13,2,45
1549997100000,12-0005,18875504302,3,10,0,2019,2,13,2,45
1549997100000,24-0010,18875504303,3,11,0,2019,2,13,2,45
1549997100000,6-0010,18875504311,1,13,0755,2019,2,13,2,45
1549997100000,10-0005,18875504326,1,13,0755,2019,2,13,2,45
1549997100000,21-0016,18875504339,1,13,0755,2019,2,13,2,45
1549997100000,7-0005,18875504350,0,0,0,2019,2,13,2,45
1549997100000,15-0017,18875504351,1,13,0755,2019,2,13,2,45
1549997100000,11-0000,18875504353,1,13,0755,2019,2,13,2,45
1549997100000,8-0004,18875504358,1,13,0755,2019,2,13,2,45
1549997100000,5-0007,18875504374,1,13,0755,2019,2,13,2,45
1549997100000,14-0019,18875504378,1,13,0755,2019,2,13,2,45
1549997100000,24-0007,18875504382,1,13,0755,2019,2,13,2,45
1549997100000,20-0012,18875504391,1,13,0755,2019,2,13,2,45
1549997100000,6-0008,18875504395,1,13,0755,2019,2,13,2,45
1549997100000,9-0010,18875504412,1,13,0755,2019,2,13,2,45
1549997100000,4-0000,18875504417,2,13,0752,2019,2,13,2,45
1549997100000,24-0013,18875504419,1,13,0755,2019,2,13,2,45
1549997100000,17-0000,18875504425,1,13,0755,2019,2,13,2,45
1549997100000,9-0018,18875504429,1,13,0755,2019,2,13,2,45
1549997100000,7-0006,18875504439,1,13,0755,2019,2,13,2,45
1549997100000,11-0016,18875504447,1,13,0755,2019,2,13,2,45
1549997100000,11-0010,18875504448,1,13,0755,2019,2,13,2,45
1549997100000,13-0018,18875504499,1,13,0755,2019,2,13,2,45
1549997100000,6-0006,18875504507,3,22,0,2019,2,13,2,45
1549997100000,5-0017,18875504512,1,13,0755,2019,2,13,2,45
1549997100000,7-0011,18875504520,1,13,0755,2019,2,13,2,45
1549997100000,4-0017,18875504527,1,13,0755,2019,2,13,2,45
1549997100000,14-0018,18875504539,1,13,0755,2019,2,13,2,45
1549997100000,18-0019,18875504540,1,13,0755,2019,2,13,2,45
1549997100000,14-0002,18875504553,1,13,0755,2019,2,13,2,45
1549997100000,16-0001,18875504568,1,13,0755,2019,2,13,2,45
1549997100000,9-0015,18875504573,1,13,0755,2019,2,13,2,45
1549997100000,24-0010,18875504591,1,13,0755,2019,2,13,2,45
1549997100000,7-0016,18875504627,1,13,0755,2019,2,13,2,45
1549997100000,9-0004,18875504641,1,13,0755,2019,2,13,2,45
1549997100000,17-0005,18875504644,1,13,0755,2019,2,13,2,45
1549997100000,13-0015,18875504660,1,13,0755,2019,2,13,2,45
1549997100000,16-0009,18875504666,1,13,0755,2019,2,13,2,45
1549997100000,16-0009,18875504675,1,13,0755,2019,2,13,2,45
1549997100000,15-0012,18875504687,1,13,0755,2019,2,13,2,45
1549997100000,15-0008,18875504707,3,22,0,2019,2,13,2,45
1549997100000,22-0015,18875504708,3,24,0,2019,2,13,2,45
1549997100000,17-0016,18875504715,2,13,0758,2019,2,13,2,45
1549997100000,5-0008,18875504726,1,13,0755,2019,2,13,2,45
1549997100000,18-0000,18875504730,1,13,0755,2019,2,13,2,45
1549997100000,19-0011,18875504744,1,13,0755,2019,2,13,2,45
1549997100000,16-0008,18875504745,1,13,0755,2019,2,13,2,45
1549997100000,7-0012,18875504746,1,13,0755,2019,2,13,2,45
1549997100000,15-0013,18875504765,1,13,0755,2019,2,13,2,45
1549997100000,23-0010,18875504769,1,13,0755,2019,2,13,2,45
1549997100000,12-0009,18875504786,1,13,0755,2019,2,13,2,45
1549997100000,4-0011,18875504787,1,13,0755,2019,2,13,2,45
1549997100000,7-0013,18875504801,4,0,0,2019,2,13,2,45
1549997100000,10-0017,18875504820,1,13,0755,2019,2,13,2,45
1549997100000,22-0004,18875504823,1,13,0755,2019,2,13,2,45
1549997100000,19-0004,18875504825,1,13,0755,2019,2,13,2,45
1549997100000,20-0007,18875504837,1,13,0755,2019,2,13,2,45
1549997100000,12-0011,18875504839,1,13,0755,2019,2,13,2,45
1549997100000,8-0011,18875504840,1,13,0755,2019,2,13,2,45
1549997100000,9-0011,18875504845,1,13,0755,2019,2,13,2,45
1549997100000,6-0012,18875504851,1,13,0755,2019,2,13,2,45
1549997100000,22-0003,18875504864,1,13,0755,2019,2,13,2,45
1549997100000,19-0009,18875504871,1,13,0755,2019,2,13,2,45
1549997100000,8-0013,18875504882,1,13,0755,2019,2,13,2,45
1549997100000,17-0014,18875504904,3,12,0,2019,2,13,2,45
1549997100000,16-0012,18875504906,3,21,0,2019,2,13,2,45
1549997100000,4-0004,18875504924,1,13,0755,2019,2,13,2,45
1549997100000,24-0004,18875504927,1,13,0755,2019,2,13,2,45
1549997100000,15-0013,18875504932,1,13,0755,2019,2,13,2,45
1549997100000,7-0005,18875504940,1,13,0755,2019,2,13,2,45
1549997100000,20-0005,18875504945,1,13,0755,2019,2,13,2,45
1549997100000,7-0001,18875504956,1,13,0755,2019,2,13,2,45
1549997100000,4-0002,18875504988,1,13,0755,2019,2,13,2,45
1549997100000,18-0016,18875504995,1,13,0755,2019,2,13,2,45
1549997100000,13-0002,18875504999,1,13,0755,2019,2,13,2,45
1549997100000,5-0009,18875505016,2,13,0753,2019,2,13,2,45
1549997100000,11-0013,18875505018,2,13,0757,2019,2,13,2,45
1549997100000,17-0013,18875505020,1,13,0755,2019,2,13,2,45
1549997100000,23-0004,18875505042,1,13,0755,2019,2,13,2,45
1549997100000,10-0007,18875505079,1,13,0755,2019,2,13,2,45
1549997100000,19-0004,18875505096,1,13,0755,2019,2,13,2,45
1549997100000,18-0011,18875505097,1,13,0755,2019,2,13,2,45
1549997100000,17-0016,18875505107,3,22,0,2019,2,13,2,45
1549997100000,24-0007,18875505118,2,13,0757,2019,2,13,2,45
1549997100000,5-0019,18875505130,1,13,0755,2019,2,13,2,45
1549997100000,22-0014,18875505138,1,13,0755,2019,2,13,2,45
1549997100000,15-0012,18875505145,1,13,0755,2019,2,13,2,45
1549997100000,13-0016,18875505150,0,0,0,2019,2,13,2,45
1549997100000,7-0017,18875505151,1,13,0755,2019,2,13,2,45
1549997100000,20-0009,18875505158,1,13,0755,2019,2,13,2,45
1549997100000,13-0004,18875505166,1,13,0755,2019,2,13,2,45
1549997100000,17-0011,18875505169,1,13,0755,2019,2,13,2,45
1549997100000,21-0015,18875505174,1,13,0755,2019,2,13,2,45
1549997100000,22-0019,18875505175,1,13,0755,2019,2,13,2,45
1549997100000,6-0005,18875505180,1,13,0755,2019,2,13,2,45
1549997100000,10-0000,18875505184,1,13,0755,2019,2,13,2,45
1549997100000,11-0003,18875505190,1,13,0755,2019,2,13,2,45
1549997100000,4-0010,18875505209,1,13,0755,2019,2,13,2,45
1549997100000,13-0012,18875505212,1,13,0755,2019,2,13,2,45
1549997100000,20-0012,18875505213,2,13,020,2019,2,13,2,45
1549997100000,24-0015,18875505218,2,13,0757,2019,2,13,2,45
1549997100000,9-0011,18875505225,1,13,0755,2019,2,13,2,45
1549997100000,15-0013,18875505237,1,13,0755,2019,2,13,2,45
1549997100000,21-0003,18875505255,1,13,0755,2019,2,13,2,45
1549997100000,15-0000,18875505268,1,13,0755,2019,2,13,2,45
1549997100000,10-0009,18875505278,1,13,0755,2019,2,13,2,45
1549997100000,9-0014,18875505285,1,13,0755,2019,2,13,2,45
1549997100000,4-0011,18875505297,1,13,0755,2019,2,13,2,45
1549997100000,12-0007,18875505306,3,21,0,2019,2,13,2,45
1549997100000,13-0011,18875505318,2,13,0757,2019,2,13,2,45
1549997100000,24-0012,18875505319,1,13,0755,2019,2,13,2,45
1549997100000,13-0009,18875505326,1,13,0755,2019,2,13,2,45
1549997100000,6-0004,18875505330,1,13,0755,2019,2,13,2,45
1549997100000,17-0017,18875505347,1,13,0755,2019,2,13,2,45
1549997100000,10-0018,18875505354,1,13,0755,2019,2,13,2,45
1549997100000,19-0019,18875505355,1,13,0755,2019,2,13,2,45
1549997100000,22-0011,18875505359,1,13,0755,2019,2,13,2,45
1549997100000,10-0010,18875505360,1,13,0755,2019,2,13,2,45
1549997100000,20-0017,18875505368,1,13,0755,2019,2,13,2,45
1549997100000,9-0006,18875505377,1,13,0755,2019,2,13,2,45
1549997100000,18-0002,18875505381,1,13,0755,2019,2,13,2,45
1549997100000,11-0018,18875505404,3,12,0,2019,2,13,2,45
1549997100000,20-0011,18875505406,3,21,0,2019,2,13,2,45
1549997100000,18-0011,18875505423,1,13,0755,2019,2,13,2,45
1549997100000,9-0000,18875505457,1,13,0755,2019,2,13,2,45
1549997100000,12-0011,18875505460,1,13,0755,2019,2,13,2,45
1549997100000,7-0002,18875505461,1,13,0755,2019,2,13,2,45
1549997100000,21-0007,18875505475,1,13,0755,2019,2,13,2,45
1549997100000,4-0003,18875505503,3,11,0,2019,2,13,2,45
1549997100000,7-0015,18875505514,2,13,0750,2019,2,13,2,45
1549997100000,14-0019,18875505539,1,13,0755,2019,2,13,2,45
1549997100000,4-0000,18875505542,1,13,0755,2019,2,13,2,45
1549997100000,12-0016,18875505544,1,13,0755,2019,2,13,2,45
1549997100000,14-0007,18875505551,1,13,0755,2019,2,13,2,45
1549997100000,19-0004,18875505555,1,13,0755,2019,2,13,2,45
1549997100000,15-0018,18875505557,1,13,0755,2019,2,13,2,45
1549997100000,23-0018,18875505564,1,13,0755,2019,2,13,2,45
1549997100000,11-0001,18875505567,1,13,0755,2019,2,13,2,45
1549997100000,8-0018,18875505570,1,13,0755,2019,2,13,2,45
1549997100000,15-0018,18875505586,1,13,0755,2019,2,13,2,45
1549997100000,22-0019,18875505602,3,10,0,2019,2,13,2,45
1549997100000,5-0019,18875505631,1,13,0755,2019,2,13,2,45
1549997100000,23-0005,18875505632,1,13,0755,2019,2,13,2,45
1549997100000,14-0004,18875505637,1,13,0755,2019,2,13,2,45
1549997100000,13-0010,18875505641,1,13,0755,2019,2,13,2,45
1549997100000,15-0005,18875505649,1,13,0755,2019,2,13,2,45
1549997100000,17-0000,18875505653,1,13,0755,2019,2,13,2,45
1549997100000,7-0016,18875505657,1,13,0755,2019,2,13,2,45
1549997100000,7-0010,18875505667,1,13,0755,2019,2,13,2,45
1549997100000,20-0017,18875505674,1,13,0755,2019,2,13,2,45
1549997100000,23-0009,18875505694,1,13,0755,2019,2,13,2,45
1549997100000,17-0012,18875505706,3,21,0,2019,2,13,2,45
1549997100000,10-0010,18875505718,2,13,0757,2019,2,13,2,45
1549997100000,16-0013,18875505721,1,13,0755,2019,2,13,2,45
1549997100000,18-0009,18875505723,1,13,0755,2019,2,13,2,45
1549997100000,13-0013,18875505726,1,13,0755,2019,2,13,2,45
1549997100000,20-0006,18875505748,1,13,0755,2019,2,13,2,45
1549997100000,20-0017,18875505754,1,13,0755,2019,2,13,2,45
1549997100000,5-0003,18875505756,1,13,0755,2019,2,13,2,45
1549997100000,14-0013,18875505767,1,13,0755,2019,2,13,2,45
1549997100000,20-0006,18875505778,1,13,0755,2019,2,13,2,45
1549997100000,4-0012,18875505779,1,13,0755,2019,2,13,2,45
1549997100000,17-0002,18875505782,1,13,0755,2019,2,13,2,45
1549997100000,9-0018,18875505783,1,13,0755,2019,2,13,2,45
1549997100000,22-0004,18875505784,1,13,0755,2019,2,13,2,45
1549997100000,7-0012,18875505789,1,13,0755,2019,2,13,2,45
1549997100000,16-0014,18875505793,1,13,0755,2019,2,13,2,45
1549997100000,24-0005,18875505808,3,24,0,2019,2,13,2,45
1549997100000,5-0018,18875505812,1,13,0755,2019,2,13,2,45
1549997100000,13-0019,18875505815,2,13,0758,2019,2,13,2,45
1549997100000,12-0006,18875505830,1,13,0755,2019,2,13,2,45
1549997100000,24-0007,18875505841,1,13,0755,2019,2,13,2,45
1549997100000,23-0015,18875505842,1,13,0755,2019,2,13,2,45
1549997100000,17-0000,18875505855,1,13,0755,2019,2,13,2,45
1549997100000,23-0006,18875505860,1,13,0755,2019,2,13,2,45
1549997100000,18-0000,18875505886,1,13,0755,2019,2,13,2,45
1549997100000,23-0015,18875505891,1,13,0755,2019,2,13,2,45
1549997100000,21-0005,18875505897,1,13,0755,2019,2,13,2,45
1549997100000,8-0017,18875505905,3,14,0,2019,2,13,2,45
1549997100000,10-0000,18875505906,3,21,0,2019,2,13,2,45
1549997100000,19-0004,18875505908,3,24,0,2019,2,13,2,45
1549997100000,5-0013,18875505913,2,13,020,2019,2,13,2,45
1549997100000,13-0017,18875505936,1,13,0755,2019,2,13,2,45
1549997100000,18-0008,18875505950,0,0,0,2019,2,13,2,45
1549997100000,12-0008,18875505951,1,13,0755,2019,2,13,2,45
1549997100000,15-0006,18875505962,1,13,0755,2019,2,13,2,45
1549997100000,14-0001,18875505963,1,13,0755,2019,2,13,2,45
1549997100000,8-0001,18875505966,1,13,0755,2019,2,13,2,45
1549997100000,8-0009,18875505971,1,13,0755,2019,2,13,2,45
1549997100000,6-0005,18875505977,1,13,0755,2019,2,13,2,45
1549997100000,12-0011,18875505992,1,13,0755,2019,2,13,2,45
1549997100000,4-0001,18875506004,3,12,0,2019,2,13,2,45
1549997100000,17-0000,18875506009,1,13,0755,2019,2,13,2,45
1549997100000,24-0016,18875506020,1,13,0755,2019,2,13,2,45
1549997100000,13-0013,18875506026,1,13,0755,2019,2,13,2,45
1549997100000,6-0010,18875506035,1,13,0755,2019,2,13,2,45
1549997100000,14-0003,18875506036,1,13,0755,2019,2,13,2,45
1549997100000,8-0007,18875506048,1,13,0755,2019,2,13,2,45
1549997100000,8-0012,18875506052,1,13,0755,2019,2,13,2,45
1549997100000,18-0007,18875506061,1,13,0755,2019,2,13,2,45
1549997100000,19-0012,18875506063,1,13,0755,2019,2,13,2,45
1549997100000,5-0011,18875506064,1,13,0755,2019,2,13,2,45
1549997100000,12-0019,18875506073,1,13,0755,2019,2,13,2,45
1549997100000,10-0018,18875506086,1,13,0755,2019,2,13,2,45
1549997100000,11-0012,18875506092,1,13,0755,2019,2,13,2,45
1549997100000,9-0014,18875506096,1,13,0755,2019,2,13,2,45
1549997100000,7-0005,18875506099,1,13,0755,2019,2,13,2,45
1549997100000,8-0011,18875506100,1,13,0755,2019,2,13,2,45
1549997100000,9-0015,18875506115,2,13,0758,2019,2,13,2,45
1549997100000,4-0012,18875506124,1,13,0755,2019,2,13,2,45
1549997100000,21-0006,18875506127,1,13,0755,2019,2,13,2,45
1549997100000,15-0005,18875506139,1,13,0755,2019,2,13,2,45
1549997100000,20-0002,18875506152,1,13,0755,2019,2,13,2,45
1549997100000,11-0005,18875506156,1,13,0755,2019,2,13,2,45
1549997100000,8-0007,18875506159,1,13,0755,2019,2,13,2,45
1549997100000,14-0003,18875506169,1,13,0755,2019,2,13,2,45
1549997100000,4-0014,18875506183,1,13,0755,2019,2,13,2,45
1549997100000,20-0017,18875506188,1,13,0755,2019,2,13,2,45
1549997100000,15-0003,18875506192,1,13,0755,2019,2,13,2,45
1549997100000,22-0006,18875506195,1,13,0755,2019,2,13,2,45
1549997100000,7-0018,18875506203,3,11,0,2019,2,13,2,45
1549997100000,23-0014,18875506204,3,12,0,2019,2,13,2,45
1549997100000,22-0004,18875506206,3,21,0,2019,2,13,2,45
1549997100000,15-0005,18875506217,2,13,0752,2019,2,13,2,45
1549997100000,7-0003,18875506225,1,13,0755,2019,2,13,2,45
1549997100000,12-0011,18875506226,1,13,0755,2019,2,13,2,45
1549997100000,24-0018,18875506255,1,13,0755,2019,2,13,2,45
1549997100000,18-0007,18875506263,1,13,0755,2019,2,13,2,45
1549997100000,13-0013,18875506269,1,13,0755,2019,2,13,2,45
1549997100000,9-0005,18875506280,1,13,0755,2019,2,13,2,45
1549997100000,24-0016,18875506287,1,13,0755,2019,2,13,2,45
1549997100000,17-0017,18875506295,1,13,0755,2019,2,13,2,45
1549997100000,10-0011,18875506316,2,13,0753,2019,2,13,2,45
1549997100000,23-0010,18875506317,2,13,0752,2019,2,13,2,45
1549997100000,12-0007,18875506331,1,13,0755,2019,2,13,2,45
1549997100000,6-0017,18875506334,1,13,0755,2019,2,13,2,45
1549997100000,6-0004,18875506336,1,13,0755,2019,2,13,2,45
1549997100000,24-0014,18875506337,1,13,0755,2019,2,13,2,45
1549997100000,23-0017,18875506339,1,13,0755,2019,2,13,2,45
1549997100000,17-0000,18875506349,1,13,0755,2019,2,13,2,45
1549997100000,18-0004,18875506351,1,13,0755,2019,2,13,2,45
1549997100000,20-0000,18875506356,1,13,0755,2019,2,13,2,45
1549997100000,14-0005,18875506357,1,13,0755,2019,2,13,2,45
1549997100000,11-0004,18875506359,1,13,0755,2019,2,13,2,45
1549997100000,11-0019,18875506360,1,13,0755,2019,2,13,2,45
1549997100000,23-0002,18875506373,1,13,0755,2019,2,13,2,45
1549997100000,16-0006,18875506382,1,13,0755,2019,2,13,2,45
1549997100000,22-0003,18875506402,3,10,0,2019,2,13,2,45
1549997100000,10-0016,18875506413,2,13,020,2019,2,13,2,45
1549997100000,13-0019,18875506433,1,13,0755,2019,2,13,2,45
1549997100000,23-0019,18875506435,1,13,0755,2019,2,13,2,45
1549997100000,10-0009,18875506439,1,13,0755,2019,2,13,2,45
1549997100000,19-0011,18875506440,1,13,0755,2019,2,13,2,45
1549997100000,16-0004,18875506445,1,13,0755,2019,2,13,2,45
1549997100000,14-0002,18875506451,1,13,0755,2019,2,13,2,45
1549997100000,24-0013,18875506457,1,13,0755,2019,2,13,2,45
1549997100000,12-0000,18875506491,1,13,0755,2019,2,13,2,45
1549997100000,13-0006,18875506501,4,0,0,2019,2,13,2,45
1549997100000,20-0008,18875506512,1,13,0755,2019,2,13,2,45
1549997100000,15-0012,18875506538,1,13,0755,2019,2,13,2,45
1549997100000,22-0018,18875506539,1,13,0755,2019,2,13,2,45
1549997100000,10-0016,18875506547,1,13,0755,2019,2,13,2,45
1549997100000,21-0004,18875506552,1,13,0755,2019,2,13,2,45
1549997100000,18-0016,18875506581,1,13,0755,2019,2,13,2,45
1549997100000,17-0007,18875506582,1,13,0755,2019,2,13,2,45
1549997100000,12-0005,18875506593,1,13,0755,2019,2,13,2,45
1549997100000,8-0007,18875506603,3,11,0,2019,2,13,2,45
1549997100000,13-0016,18875506613,2,13,020,2019,2,13,2,45
1549997100000,22-0015,18875506614,2,13,0750,2019,2,13,2,45
1549997100000,18-0015,18875506620,1,13,0755,2019,2,13,2,45
1549997100000,5-0006,18875506624,1,13,0755,2019,2,13,2,45
1549997100000,4-0003,18875506641,1,13,0755,2019,2,13,2,45
1549997100000,19-0009,18875506644,1,13,0755,2019,2,13,2,45
1549997100000,19-0015,18875506651,1,13,0755,2019,2,13,2,45
1549997100000,17-0007,18875506658,1,13,0755,2019,2,13,2,45
1549997100000,19-0004,18875506660,1,13,0755,2019,2,13,2,45
1549997100000,19-0019,18875506664,1,13,0755,2019,2,13,2,45
1549997100000,8-0011,18875506668,1,13,0755,2019,2,13,2,45
1549997100000,11-0007,18875506670,1,13,0755,2019,2,13,2,45
1549997100000,19-0013,18875506691,1,13,0755,2019,2,13,2,45
1549997100000,12-0007,18875506696,1,13,0755,2019,2,13,2,45
1549997100000,19-0007,18875506710,1,13,0755,2019,2,13,2,45
1549997100000,10-0019,18875506719,1,13,0755,2019,2,13,2,45
1549997100000,18-0019,18875506724,1,13,0755,2019,2,13,2,45
1549997100000,7-0007,18875506744,1,13,0755,2019,2,13,2,45
1549997100000,9-0003,18875506748,1,13,0755,2019,2,13,2,45
1549997100000,21-0008,18875506766,1,13,0755,2019,2,13,2,45
1549997100000,20-0015,18875506769,1,13,0755,2019,2,13,2,45
1549997100000,7-0014,18875506775,1,13,0755,2019,2,13,2,45
1549997100000,12-0007,18875506778,1,13,0755,2019,2,13,2,45
1549997100000,19-0004,18875506807,3,22,0,2019,2,13,2,45
1549997100000,22-0001,18875506812,1,13,0755,2019,2,13,2,45
1549997100000,18-0002,18875506813,2,13,020,2019,2,13,2,45
1549997100000,9-0017,18875506822,1,13,0755,2019,2,13,2,45
1549997100000,6-0001,18875506848,1,13,0755,2019,2,13,2,45
1549997100000,18-0012,18875506849,1,13,0755,2019,2,13,2,45
1549997100000,11-0001,18875506858,1,13,0755,2019,2,13,2,45
1549997100000,15-0000,18875506891,1,13,0755,2019,2,13,2,45
1549997100000,12-0005,18875506916,2,13,0753,2019,2,13,2,45
1549997100000,6-0005,18875506924,1,13,0755,2019,2,13,2,45
1549997100000,24-0008,18875506932,1,13,0755,2019,2,13,2,45
1549997100000,16-0016,18875506950,0,0,0,2019,2,13,2,45
1549997100000,4-0016,18875506954,1,13,0755,2019,2,13,2,45
1549997100000,23-0012,18875506961,1,13,0755,2019,2,13,2,45
1549997100000,18-0003,18875506974,1,13,0755,2019,2,13,2,45
1549997100000,18-0009,18875506984,1,13,0755,2019,2,13,2,45
1549997100000,11-0019,18875507023,1,13,0755,2019,2,13,2,45
1549997100000,9-0012,18875507026,1,13,0755,2019,2,13,2,45
1549997100000,20-0001,18875507032,1,13,0755,2019,2,13,2,45
1549997100000,20-0005,18875507034,1,13,0755,2019,2,13,2,45
1549997100000,9-0008,18875507035,1,13,0755,2019,2,13,2,45
1549997100000,17-0018,18875507040,1,13,0755,2019,2,13,2,45
1549997100000,8-0014,18875507070,1,13,0755,2019,2,13,2,45
1549997100000,22-0003,18875507078,1,13,0755,2019,2,13,2,45
1549997100000,4-0011,18875507080,1,13,0755,2019,2,13,2,45
1549997100000,15-0003,18875507081,1,13,0755,2019,2,13,2,45
1549997100000,20-0001,18875507083,1,13,0755,2019,2,13,2,45
1549997100000,17-0006,18875507089,1,13,0755,2019,2,13,2,45
1549997100000,9-0015,18875507096,1,13,0755,2019,2,13,2,45
1549997100000,6-0019,18875507111,1,13,0755,2019,2,13,2,45
1549997100000,15-0015,18875507112,1,13,0755,2019,2,13,2,45
1549997100000,22-0010,18875507124,1,13,0755,2019,2,13,2,45
1549997100000,10-0018,18875507127,1,13,0755,2019,2,13,2,45
1549997100000,14-0019,18875507137,1,13,0755,2019,2,13,2,45
1549997100000,14-0001,18875507149,1,13,0755,2019,2,13,2,45
1549997100000,15-0006,18875507154,1,13,0755,2019,2,13,2,45
1549997100000,7-0006,18875507162,1,13,0755,2019,2,13,2,45
1549997100000,18-0015,18875507170,1,13,0755,2019,2,13,2,45
1549997100000,23-0010,18875507174,1,13,0755,2019,2,13,2,45
1549997100000,17-0005,18875507190,1,13,0755,2019,2,13,2,45
1549997100000,17-0014,18875507192,1,13,0755,2019,2,13,2,45
1549997100000,12-0019,18875507205,3,14,0,2019,2,13,2,45
1549997100000,21-0009,18875507208,3,24,0,2019,2,13,2,45
1549997100000,4-0000,18875507209,1,13,0755,2019,2,13,2,45
1549997100000,11-0001,18875507218,2,13,0757,2019,2,13,2,45
1549997100000,14-0012,18875507222,1,13,0755,2019,2,13,2,45
1549997100000,12-0006,18875507226,1,13,0755,2019,2,13,2,45
1549997100000,22-0014,18875507228,1,13,0755,2019,2,13,2,45
1549997100000,16-0013,18875507233,1,13,0755,2019,2,13,2,45
1549997100000,24-0005,18875507255,1,13,0755,2019,2,13,2,45
1549997100000,17-0015,18875507268,1,13,0755,2019,2,13,2,45
1549997100000,21-0007,18875507269,1,13,0755,2019,2,13,2,45
1549997100000,24-0015,18875507275,1,13,0755,2019,2,13,2,45
1549997100000,16-0015,18875507286,1,13,0755,2019,2,13,2,45
1549997100000,17-0007,18875507290,1,13,0755,2019,2,13,2,45
1549997100000,5-0000,18875507299,1,13,0755,2019,2,13,2,45
1549997100000,16-0005,18875507330,1,13,0755,2019,2,13,2,45
1549997100000,10-0012,18875507338,1,13,0755,2019,2,13,2,45
1549997100000,5-0006,18875507345,1,13,0755,2019,2,13,2,45
1549997100000,24-0018,18875507355,1,13,0755,2019,2,13,2,45
1549997100000,6-0015,18875507357,1,13,0755,2019,2,13,2,45
1549997100000,11-0007,18875507361,1,13,0755,2019,2,13,2,45
1549997100000,22-0014,18875507365,1,13,0755,2019,2,13,2,45
1549997100000,7-0015,18875507373,1,13,0755,2019,2,13,2,45
1549997100000,16-0000,18875507382,1,13,0755,2019,2,13,2,45
1549997100000,19-0003,18875507406,3,21,0,2019,2,13,2,45
1549997100000,10-0005,18875507413,2,13,020,2019,2,13,2,45
1549997100000,18-0006,18875507417,2,13,0752,2019,2,13,2,45
1549997100000,18-0004,18875507418,2,13,0757,2019,2,13,2,45
1549997100000,5-0014,18875507428,1,13,0755,2019,2,13,2,45
1549997100000,19-0001,18875507436,1,13,0755,2019,2,13,2,45
1549997100000,20-0017,18875507440,1,13,0755,2019,2,13,2,45
1549997100000,15-0009,18875507441,1,13,0755,2019,2,13,2,45
1549997100000,19-0001,18875507446,1,13,0755,2019,2,13,2,45
1549997100000,16-0016,18875507449,1,13,0755,2019,2,13,2,45
1549997100000,9-0009,18875507451,1,13,0755,2019,2,13,2,45
1549997100000,5-0018,18875507455,1,13,0755,2019,2,13,2,45
1549997100000,18-0008,18875507461,1,13,0755,2019,2,13,2,45
1549997100000,23-0006,18875507469,1,13,0755,2019,2,13,2,45
1549997100000,9-0004,18875507477,1,13,0755,2019,2,13,2,45
1549997100000,13-0015,18875507482,1,13,0755,2019,2,13,2,45
1549997100000,16-0005,18875507491,1,13,0755,2019,2,13,2,45
1549997100000,16-0011,18875507496,1,13,0755,2019,2,13,2,45
1549997100000,5-0007,18875507502,3,10,0,2019,2,13,2,45
1549997100000,16-0017,18875507505,3,14,0,2019,2,13,2,45
1549997100000,12-0008,18875507507,3,22,0,2019,2,13,2,45
1549997100000,5-0008,18875507516,2,13,0753,2019,2,13,2,45
1549997100000,24-0015,18875507524,1,13,0755,2019,2,13,2,45
1549997100000,18-0017,18875507541,1,13,0755,2019,2,13,2,45
1549997100000,21-0000,18875507548,1,13,0755,2019,2,13,2,45
1549997100000,21-0009,18875507552,1,13,0755,2019,2,13,2,45
1549997100000,20-0002,18875507562,1,13,0755,2019,2,13,2,45
1549997100000,9-0010,18875507567,1,13,0755,2019,2,13,2,45
1549997100000,13-0009,18875507569,1,13,0755,2019,2,13,2,45
1549997100000,16-0009,18875507571,1,13,0755,2019,2,13,2,45
1549997100000,9-0007,18875507572,1,13,0755,2019,2,13,2,45
1549997100000,6-0002,18875507580,1,13,0755,2019,2,13,2,45
1549997100000,24-0013,18875507582,1,13,0755,2019,2,13,2,45
1549997100000,17-0012,18875507586,1,13,0755,2019,2,13,2,45
1549997100000,12-0010,18875507598,1,13,0755,2019,2,13,2,45
1549997100000,11-0017,18875507615,2,13,0758,2019,2,13,2,45
1549997100000,16-0002,18875507616,2,13,0753,2019,2,13,2,45
1549997100000,19-0002,18875507629,1,13,0755,2019,2,13,2,45
1549997100000,17-0013,18875507646,1,13,0755,2019,2,13,2,45
1549997100000,16-0019,18875507648,1,13,0755,2019,2,13,2,45
1549997100000,5-0000,18875507649,1,13,0755,2019,2,13,2,45
1549997100000,5-0014,18875507651,1,13,0755,2019,2,13,2,45
1549997100000,12-0005,18875507657,1,13,0755,2019,2,13,2,45
1549997100000,22-0013,18875507662,1,13,0755,2019,2,13,2,45
1549997100000,14-0011,18875507664,1,13,0755,2019,2,13,2,45
1549997100000,4-0009,18875507672,1,13,0755,2019,2,13,2,45
1549997100000,21-0013,18875507675,1,13,0755,2019,2,13,2,45
1549997100000,12-0000,18875507676,1,13,0755,2019,2,13,2,45
1549997100000,17-0002,18875507677,1,13,0755,2019,2,13,2,45
1549997100000,12-0013,18875507686,1,13,0755,2019,2,13,2,45
1549997100000,6-0007,18875507707,3,22,0,2019,2,13,2,45
1549997100000,5-0015,18875507710,1,13,0755,2019,2,13,2,45
1549997100000,19-0019,18875507729,1,13,0755,2019,2,13,2,45
1549997100000,8-0003,18875507754,1,13,0755,2019,2,13,2,45
1549997100000,16-0018,18875507776,1,13,0755,2019,2,13,2,45
1549997100000,19-0018,18875507779,1,13,0755,2019,2,13,2,45
1549997100000,12-0003,18875507798,1,13,0755,2019,2,13,2,45
1549997100000,8-0011,18875507804,3,12,0,2019,2,13,2,45
1549997100000,18-0003,18875507815,2,13,0758,2019,2,13,2,45
1549997100000,4-0015,18875507824,1,13,0755,2019,2,13,2,45
1549997100000,5-0005,18875507828,1,13,0755,2019,2,13,2,45
1549997100000,8-0009,18875507843,1,13,0755,2019,2,13,2,45
1549997100000,10-0014,18875507861,1,13,0755,2019,2,13,2,45
1549997100000,7-0016,18875507866,1,13,0755,2019,2,13,2,45
1549997100000,17-0004,18875507895,1,13,0755,2019,2,13,2,45
1549997100000,15-0012,18875507900,1,13,0755,2019,2,13,2,45
1549997100000,23-0012,18875507902,3,10,0,2019,2,13,2,45
1549997100000,5-0000,18875507906,3,21,0,2019,2,13,2,45
1549997100000,18-0012,18875507911,1,13,0755,2019,2,13,2,45
1549997100000,19-0019,18875507923,1,13,0755,2019,2,13,2,45
1549997100000,24-0002,18875507924,1,13,0755,2019,2,13,2,45
1549997100000,16-0017,18875507934,1,13,0755,2019,2,13,2,45
1549997100000,19-0003,18875507945,1,13,0755,2019,2,13,2,45
1549997100000,20-0004,18875507948,1,13,0755,2019,2,13,2,45
1549997100000,4-0001,18875507953,1,13,0755,2019,2,13,2,45
1549997100000,24-0007,18875507964,1,13,0755,2019,2,13,2,45
1549997100000,10-0002,18875507980,1,13,0755,2019,2,13,2,45
1549997100000,4-0010,18875507992,1,13,0755,2019,2,13,2,45
1549997100000,11-0010,18875508008,3,24,0,2019,2,13,2,45
1549997100000,16-0008,18875508024,1,13,0755,2019,2,13,2,45
1549997100000,24-0004,18875508031,1,13,0755,2019,2,13,2,45
1549997100000,18-0010,18875508036,1,13,0755,2019,2,13,2,45
1549997100000,24-0017,18875508041,1,13,0755,2019,2,13,2,45
1549997100000,17-0016,18875508046,1,13,0755,2019,2,13,2,45
1549997100000,13-0007,18875508058,1,13,0755,2019,2,13,2,45
1549997100000,14-0010,18875508061,1,13,0755,2019,2,13,2,45
1549997100000,13-0002,18875508064,1,13,0755,2019,2,13,2,45
1549997100000,15-0005,18875508089,1,13,0755,2019,2,13,2,45
1549997100000,11-0019,18875508100,1,13,0755,2019,2,13,2,45
1549997100000,19-0005,18875508102,3,10,0,2019,2,13,2,45
1549997100000,19-0009,18875508109,1,13,0755,2019,2,13,2,45
1549997100000,19-0013,18875508115,2,13,0758,2019,2,13,2,45
1549997100000,8-0019,18875508117,2,13,0752,2019,2,13,2,45
1549997100000,7-0012,18875508141,1,13,0755,2019,2,13,2,45
1549997100000,13-0001,18875508145,1,13,0755,2019,2,13,2,45
1549997100000,8-0003,18875508150,0,0,0,2019,2,13,2,45
1549997100000,24-0004,18875508155,1,13,0755,2019,2,13,2,45
1549997100000,9-0009,18875508156,1,13,0755,2019,2,13,2,45
1549997100000,23-0018,18875508162,1,13,0755,2019,2,13,2,45
1549997100000,13-0004,18875508169,1,13,0755,2019,2,13,2,45
1549997100000,10-0018,18875508180,1,13,0755,2019,2,13,2,45
1549997100000,18-0013,18875508186,1,13,0755,2019,2,13,2,45
1549997100000,5-0004,18875508188,1,13,0755,2019,2,13,2,45
1549997100000,14-0004,18875508193,1,13,0755,2019,2,13,2,45
1549997100000,16-0002,18875508214,2,13,0750,2019,2,13,2,45
1549997100000,23-0001,18875508225,1,13,0755,2019,2,13,2,45
1549997100000,23-0006,18875508237,1,13,0755,2019,2,13,2,45
1549997100000,14-0018,18875508238,1,13,0755,2019,2,13,2,45
1549997100000,20-0003,18875508253,1,13,0755,2019,2,13,2,45
1549997100000,9-0011,18875508256,1,13,0755,2019,2,13,2,45
1549997100000,23-0014,18875508266,1,13,0755,2019,2,13,2,45
1549997100000,7-0008,18875508272,1,13,0755,2019,2,13,2,45
1549997100000,14-0002,18875508273,1,13,0755,2019,2,13,2,45
1549997100000,14-0018,18875508274,1,13,0755,2019,2,13,2,45
1549997100000,23-0018,18875508278,1,13,0755,2019,2,13,2,45
1549997100000,15-0006,18875508279,1,13,0755,2019,2,13,2,45
1549997100000,11-0004,18875508283,1,13,0755,2019,2,13,2,45
1549997100000,5-0011,18875508317,2,13,0752,2019,2,13,2,45
1549997100000,16-0005,18875508319,1,13,0755,2019,2,13,2,45
1549997100000,22-0006,18875508329,1,13,0755,2019,2,13,2,45
1549997100000,12-0006,18875508332,1,13,0755,2019,2,13,2,45
1549997100000,20-0003,18875508350,0,0,0,2019,2,13,2,45
1549997100000,9-0011,18875508356,1,13,0755,2019,2,13,2,45
1549997100000,24-0002,18875508368,1,13,0755,2019,2,13,2,45
1549997100000,16-0017,18875508374,1,13,0755,2019,2,13,2,45
1549997100000,10-0000,18875508380,1,13,0755,2019,2,13,2,45
1549997100000,5-0008,18875508390,1,13,0755,2019,2,13,2,45
1549997100000,17-0013,18875508411,1,13,0755,2019,2,13,2,45
1549997100000,21-0011,18875508449,1,13,0755,2019,2,13,2,45
1549997100000,13-0012,18875508468,1,13,0755,2019,2,13,2,45
1549997100000,9-0019,18875508479,1,13,0755,2019,2,13,2,45
1549997100000,6-0011,18875508487,1,13,0755,2019,2,13,2,45
1549997100000,12-0018,18875508508,3,24,0,2019,2,13,2,45
1549997100000,22-0014,18875508509,1,13,0755,2019,2,13,2,45
1549997100000,10-0016,18875508511,1,13,0755,2019,2,13,2,45
1549997100000,6-0004,18875508522,1,13,0755,2019,2,13,2,45
1549997100000,23-0012,18875508535,1,13,0755,2019,2,13,2,45
1549997100000,5-0009,18875508537,1,13,0755,2019,2,13,2,45
1549997100000,6-0017,18875508546,1,13,0755,2019,2,13,2,45
1549997100000,10-0015,18875508567,1,13,0755,2019,2,13,2,45
1549997100000,13-0000,18875508570,1,13,0755,2019,2,13,2,45
1549997100000,7-0015,18875508575,1,13,0755,2019,2,13,2,45
1549997100000,16-0019,18875508583,1,13,0755,2019,2,13,2,45
1549997100000,23-0001,18875508602,3,10,0,2019,2,13,2,45
1549997100000,10-0017,18875508612,1,13,0755,2019,2,13,2,45
1549997100000,24-0013,18875508619,1,13,0755,2019,2,13,2,45
1549997100000,9-0003,18875508632,1,13,0755,2019,2,13,2,45
1549997100000,19-0014,18875508651,1,13,0755,2019,2,13,2,45
1549997100000,21-0004,18875508655,1,13,0755,2019,2,13,2,45
1549997100000,18-0003,18875508672,1,13,0755,2019,2,13,2,45
1549997100000,18-0003,18875508686,1,13,0755,2019,2,13,2,45
1549997100000,6-0005,18875508696,1,13,0755,2019,2,13,2,45
1549997100000,11-0008,18875508707,3,22,0,2019,2,13,2,45
1549997100000,15-0011,18875508715,2,13,0758,2019,2,13,2,45
1549997100000,7-0013,18875508734,1,13,0755,2019,2,13,2,45
1549997100000,4-0018,18875508741,1,13,0755,2019,2,13,2,45
1549997100000,12-0009,18875508751,1,13,0755,2019,2,13,2,45
1549997100000,11-0004,18875508754,1,13,0755,2019,2,13,2,45
1549997100000,4-0011,18875508778,1,13,0755,2019,2,13,2,45
1549997100000,8-0006,18875508779,1,13,0755,2019,2,13,2,45
1549997100000,10-0014,18875508788,1,13,0755,2019,2,13,2,45
1549997100000,16-0002,18875508832,1,13,0755,2019,2,13,2,45
1549997100000,18-0014,18875508833,1,13,0755,2019,2,13,2,45
1549997100000,11-0003,18875508837,1,13,0755,2019,2,13,2,45
1549997100000,21-0007,18875508841,1,13,0755,2019,2,13,2,45
1549997100000,23-0002,18875508842,1,13,0755,2019,2,13,2,45
1549997100000,22-0010,18875508885,1,13,0755,2019,2,13,2,45
1549997100000,16-0015,18875508896,1,13,0755,2019,2,13,2,45
1549997100000,5-0004,18875508909,1,13,0755,2019,2,13,2,45
1549997100000,14-0004,18875508911,1,13,0755,2019,2,13,2,45
1549997100000,13-0014,18875508913,2,13,020,2019,2,13,2,45
1549997100000,19-0012,18875508916,2,13,0753,2019,2,13,2,45
1549997100000,11-0007,18875508918,2,13,0757,2019,2,13,2,45
1549997100000,10-0003,18875508920,1,13,0755,2019,2,13,2,45
1549997100000,8-0010,18875508922,1,13,0755,2019,2,13,2,45
1549997100000,13-0016,18875508931,1,13,0755,2019,2,13,2,45
1549997100000,15-0017,18875508943,1,13,0755,2019,2,13,2,45
1549997100000,10-0011,18875508946,1,13,0755,2019,2,13,2,45
1549997100000,23-0012,18875508948,1,13,0755,2019,2,13,2,45
1549997100000,4-0012,18875508951,1,13,0755,2019,2,13,2,45
1549997100000,20-0001,18875508957,1,13,0755,2019,2,13,2,45
1549997100000,15-0015,18875508968,1,13,0755,2019,2,13,2,45
1549997100000,4-0001,18875508990,1,13,0755,2019,2,13,2,45
1549997100000,18-0010,18875508994,1,13,0755,2019,2,13,2,45
1549997100000,14-0001,18875508999,1,13,0755,2019,2,13,2,45
1549997100000,7-0013,18875509001,4,0,0,2019,2,13,2,45
1549997100000,21-0017,18875509005,3,14,0,2019,2,13,2,45
1549997100000,13-0003,18875509016,2,13,0753,2019,2,13,2,45
1549997100000,23-0008,18875509017,2,13,0752,2019,2,13,2,45
1549997100000,7-0019,18875509025,1,13,0755,2019,2,13,2,45
1549997100000,22-0004,18875509050,0,0,0,2019,2,13,2,45
1549997100000,14-0013,18875509054,1,13,0755,2019,2,13,2,45
1549997100000,19-0017,18875509067,1,13,0755,2019,2,13,2,45
1549997100000,14-0009,18875509070,1,13,0755,2019,2,13,2,45
1549997100000,8-0002,18875509071,1,13,0755,2019,2,13,2,45
1549997100000,23-0002,18875509074,1,13,0755,2019,2,13,2,45
1549997100000,4-0006,18875509087,1,13,0755,2019,2,13,2,45
1549997100000,10-0009,18875509104,3,12,0,2019,2,13,2,45
1549997100000,23-0003,18875509112,1,13,0755,2019,2,13,2,45
1549997100000,6-0013,18875509113,2,13,020,2019,2,13,2,45
1549997100000,8-0002,18875509129,1,13,0755,2019,2,13,2,45
1549997100000,13-0001,18875509138,1,13,0755,2019,2,13,2,45
1549997100000,18-0014,18875509139,1,13,0755,2019,2,13,2,45
1549997100000,22-0001,18875509160,1,13,0755,2019,2,13,2,45
1549997100000,13-0004,18875509170,1,13,0755,2019,2,13,2,45
1549997100000,17-0010,18875509171,1,13,0755,2019,2,13,2,45
1549997100000,8-0014,18875509188,1,13,0755,2019,2,13,2,45
1549997100000,22-0000,18875509204,3,12,0,2019,2,13,2,45
1549997100000,6-0011,18875509223,1,13,0755,2019,2,13,2,45
1549997100000,15-0006,18875509227,1,13,0755,2019,2,13,2,45
1549997100000,6-0004,18875509231,1,13,0755,2019,2,13,2,45
1549997100000,14-0001,18875509251,1,13,0755,2019,2,13,2,45
1549997100000,20-0001,18875509254,1,13,0755,2019,2,13,2,45
1549997100000,9-0009,18875509266,1,13,0755,2019,2,13,2,45
1549997100000,8-0003,18875509270,1,13,0755,2019,2,13,2,45
1549997100000,4-0013,18875509272,1,13,0755,2019,2,13,2,45
1549997100000,14-0001,18875509273,1,13,0755,2019,2,13,2,45
1549997100000,18-0017,18875509283,1,13,0755,2019,2,13,2,45
1549997100000,13-0009,18875509302,3,10,0,2019,2,13,2,45
1549997100000,21-0001,18875509309,1,13,0755,2019,2,13,2,45
1549997100000,6-0005,18875509312,1,13,0755,2019,2,13,2,45
1549997100000,20-0019,18875509321,1,13,0755,2019,2,13,2,45
1549997100000,7-0017,18875509325,1,13,0755,2019,2,13,2,45
1549997100000,19-0002,18875509338,1,13,0755,2019,2,13,2,45
1549997100000,20-0010,18875509357,1,13,0755,2019,2,13,2,45
1549997100000,24-0003,18875509365,1,13,0755,2019,2,13,2,45
1549997100000,7-0004,18875509406,3,21,0,2019,2,13,2,45
1549997100000,11-0011,18875509409,1,13,0755,2019,2,13,2,45
1549997100000,19-0008,18875509411,1,13,0755,2019,2,13,2,45
1549997100000,24-0013,18875509416,2,13,0753,2019,2,13,2,45
1549997100000,23-0005,18875509420,1,13,0755,2019,2,13,2,45
1549997100000,9-0008,18875509421,1,13,0755,2019,2,13,2,45
1549997100000,16-0012,18875509423,1,13,0755,2019,2,13,2,45
1549997100000,19-0016,18875509426,1,13,0755,2019,2,13,2,45
1549997100000,16-0009,18875509437,1,13,0755,2019,2,13,2,45
1549997100000,18-0003,18875509441,1,13,0755,2019,2,13,2,45
1549997100000,16-0004,18875509442,1,13,0755,2019,2,13,2,45
1549997100000,24-0003,18875509455,1,13,0755,2019,2,13,2,45
1549997100000,9-0013,18875509457,1,13,0755,2019,2,13,2,45
1549997100000,8-0001,18875509459,1,13,0755,2019,2,13,2,45
1549997100000,19-0015,18875509476,1,13,0755,2019,2,13,2,45
1549997100000,24-0011,18875509489,1,13,0755,2019,2,13,2,45
1549997100000,22-0010,18875509493,1,13,0755,2019,2,13,2,45
1549997100000,16-0008,18875509494,1,13,0755,2019,2,13,2,45
1549997100000,19-0008,18875509496,1,13,0755,2019,2,13,2,45
1549997100000,9-0003,18875509502,3,10,0,2019,2,13,2,45
1549997100000,14-0000,18875509506,3,21,0,2019,2,13,2,45
1549997100000,17-0003,18875509511,1,13,0755,2019,2,13,2,45
1549997100000,18-0011,18875509535,1,13,0755,2019,2,13,2,45
1549997100000,18-0006,18875509559,1,13,0755,2019,2,13,2,45
1549997100000,22-0017,18875509563,1,13,0755,2019,2,13,2,45
1549997100000,16-0018,18875509568,1,13,0755,2019,2,13,2,45
1549997100000,11-0007,18875509573,1,13,0755,2019,2,13,2,45
1549997100000,9-0000,18875509578,1,13,0755,2019,2,13,2,45
1549997100000,9-0008,18875509583,1,13,0755,2019,2,13,2,45
1549997100000,16-0006,18875509592,1,13,0755,2019,2,13,2,45
1549997100000,22-0014,18875509598,1,13,0755,2019,2,13,2,45
1549997100000,23-0012,18875509602,3,10,0,2019,2,13,2,45
1549997100000,14-0003,18875509628,1,13,0755,2019,2,13,2,45
1549997100000,15-0011,18875509629,1,13,0755,2019,2,13,2,45
1549997100000,15-0006,18875509647,1,13,0755,2019,2,13,2,45
1549997100000,17-0001,18875509659,1,13,0755,2019,2,13,2,45
1549997100000,15-0019,18875509680,1,13,0755,2019,2,13,2,45
1549997100000,4-0019,18875509682,1,13,0755,2019,2,13,2,45
1549997100000,17-0006,18875509684,1,13,0755,2019,2,13,2,45
1549997100000,12-0015,18875509686,1,13,0755,2019,2,13,2,45
1549997100000,7-0015,18875509714,2,13,0750,2019,2,13,2,45
1549997100000,13-0006,18875509721,1,13,0755,2019,2,13,2,45
1549997100000,14-0014,18875509723,1,13,0755,2019,2,13,2,45
1549997100000,4-0015,18875509727,1,13,0755,2019,2,13,2,45
1549997100000,18-0000,18875509739,1,13,0755,2019,2,13,2,45
1549997100000,8-0007,18875509756,1,13,0755,2019,2,13,2,45
1549997100000,20-0012,18875509758,1,13,0755,2019,2,13,2,45
1549997100000,4-0000,18875509761,1,13,0755,2019,2,13,2,45
1549997100000,10-0002,18875509763,1,13,0755,2019,2,13,2,45
1549997100000,8-0017,18875509776,1,13,0755,2019,2,13,2,45
1549997100000,20-0014,18875509777,1,13,0755,2019,2,13,2,45
1549997100000,12-0019,18875509783,1,13,0755,2019,2,13,2,45
1549997100000,10-0000,18875509794,1,13,0755,2019,2,13,2,45
1549997100000,4-0013,18875509795,1,13,0755,2019,2,13,2,45
1549997100000,22-0005,18875509796,1,13,0755,2019,2,13,2,45
1549997100000,11-0017,18875509799,1,13,0755,2019,2,13,2,45
1549997100000,7-0014,18875509801,4,0,0,2019,2,13,2,45
1549997100000,13-0019,18875509809,1,13,0755,2019,2,13,2,45
1549997100000,20-0009,18875509815,2,13,0758,2019,2,13,2,45
1549997100000,11-0018,18875509837,1,13,0755,2019,2,13,2,45
1549997100000,9-0014,18875509840,1,13,0755,2019,2,13,2,45
1549997100000,12-0010,18875509862,1,13,0755,2019,2,13,2,45
1549997100000,4-0010,18875509864,1,13,0755,2019,2,13,2,45
1549997100000,13-0019,18875509875,1,13,0755,2019,2,13,2,45
1549997100000,8-0002,18875509882,1,13,0755,2019,2,13,2,45
1549997100000,24-0012,18875509885,1,13,0755,2019,2,13,2,45
1549997100000,24-0016,18875509894,1,13,0755,2019,2,13,2,45
1549997100000,13-0005,18875509901,4,0,0,2019,2,13,2,45
1549997100000,5-0015,18875509918,2,13,0757,2019,2,13,2,45
1549997100000,19-0013,18875509927,1,13,0755,2019,2,13,2,45
1549997100000,11-0011,18875509932,1,13,0755,2019,2,13,2,45
1549997100000,15-0013,18875509937,1,13,0755,2019,2,13,2,45
1549997100000,23-0009,18875509943,1,13,0755,2019,2,13,2,45
1549997100000,24-0010,18875509946,1,13,0755,2019,2,13,2,45
1549997100000,9-0010,18875509955,1,13,0755,2019,2,13,2,45
1549997100000,13-0006,18875509958,1,13,0755,2019,2,13,2,45
1549997100000,9-0002,18875509959,1,13,0755,2019,2,13,2,45
1549997100000,4-0005,18875509963,1,13,0755,2019,2,13,2,45
1549997100000,11-0005,18875509967,1,13,0755,2019,2,13,2,45
1549997100000,8-0013,18875509970,1,13,0755,2019,2,13,2,45
