1549985400000,7-0011,18875500005,3,14,0,2019,2,12,23,30
1549985400000,4-0006,18875500016,2,13,0753,2019,2,12,23,30
1549985400000,24-0017,18875500021,1,13,0755,2019,2,12,23,30
1549985400000,6-0005,18875500051,1,13,0755,2019,2,12,23,30
1549985400000,19-0001,18875500116,2,13,0753,2019,2,12,23,30
1549985400000,9-0000,18875500121,1,13,0755,2019,2,12,23,30
1549985400000,21-0002,18875500136,1,13,0755,2019,2,12,23,30
1549985400000,9-0019,18875500148,1,13,0755,2019,2,12,23,30
1549985400000,16-0004,18875500150,0,0,0,2019,2,12,23,30
1549985400000,7-0002,18875500153,1,13,0755,2019,2,12,23,30
1549985400000,5-0002,18875500171,1,13,0755,2019,2,12,23,30
1549985400000,5-0002,18875500175,1,13,0755,2019,2,12,23,30
1549985400000,15-0002,18875500180,1,13,0755,2019,2,12,23,30
1549985400000,11-0014,18875500190,1,13,0755,2019,2,12,23,30
1549985400000,15-0006,18875500193,1,13,0755,2019,2,12,23,30
1549985400000,8-0005,18875500198,1,13,0755,2019,2,12,23,30
1549985400000,6-0001,18875500212,1,13,0755,2019,2,12,23,30
1549985400000,7-0016,18875500232,1,13,0755,2019,2,12,23,30
1549985400000,20-0014,18875500251,1,13,0755,2019,2,12,23,30
1549985400000,7-0007,18875500254,1,13,0755,2019,2,12,23,30
1549985400000,12-0007,18875500260,1,13,0755,2019,2,12,23,30
1549985400000,22-0011,18875500281,1,13,0755,2019,2,12,23,30
1549985400000,10-0008,18875500287,1,13,0755,2019,2,12,23,30
1549985400000,12-0013,18875500289,1,13,0755,2019,2,12,23,30
1549985400000,15-0018,18875500307,3,22,0,2019,2,12,23,30
1549985400000,10-0012,18875500311,1,13,0755,2019,2,12,23,30
1549985400000,24-0015,18875500334,1,13,0755,2019,2,12,23,30
1549985400000,8-0004,18875500354,1,13,0755,2019,2,12,23,30
1549985400000,11-0004,18875500367,1,13,0755,2019,2,12,23,30
1549985400000,16-0014,18875500369,1,13,0755,2019,2,12,23,30
1549985400000,23-0012,18875500390,1,13,0755,2019,2,12,23,30
1549985400000,15-0008,18875500402,3,10,0,2019,2,12,23,30
1549985400000,9-0009,18875500413,2,13,020,2019,2,12,23,30
1549985400000,13-0018,18875500443,1,13,0755,2019,2,12,23,30
1549985400000,14-0016,18875500452,1,13,0755,2019,2,12,23,30
1549985400000,23-0017,18875500457,1,13,0755,2019,2,12,23,30
1549985400000,9-0014,18875500468,1,13,0755,2019,2,12,23,30
1549985400000,9-0018,18875500472,1,13,0755,2019,2,12,23,30
1549985400000,15-0007,18875500492,1,13,0755,2019,2,12,23,30
1549985400000,23-0007,18875500499,1,13,0755,2019,2,12,23,30
1549985400000,10-0003,18875500503,3,11,0,2019,2,12,23,30
1549985400000,18-0012,18875500512,1,13,0755,2019,2,12,23,30
1549985400000,22-0016,18875500520,1,13,0755,2019,2,12,23,30
1549985400000,10-0008,18875500541,1,13,0755,2019,2,12,23,30
1549985400000,8-0003,18875500547,1,13,0755,2019,2,12,23,30
1549985400000,13-0001,18875500554,1,13,0755,2019,2,12,23,30
1549985400000,12-0014,18875500555,1,13,0755,2019,2,12,23,30
1549985400000,5-0018,18875500561,1,13,0755,2019,2,12,23,30
1549985400000,7-0014,18875500564,1,13,0755,2019,2,12,23,30
1549985400000,6-0019,18875500565,1,13,0755,2019,2,12,23,30
1549985400000,19-0008,18875500577,1,13,0755,2019,2,12,23,30
1549985400000,15-0010,18875500592,1,13,0755,2019,2,12,23,30
1549985400000,17-0006,18875500593,1,13,0755,2019,2,12,23,30
1549985400000,13-0009,18875500595,1,13,0755,2019,2,12,23,30
1549985400000,6-0001,18875500605,3,14,0,2019,2,12,23,30
1549985400000,20-0017,18875500613,2,13,020,2019,2,12,23,30
1549985400000,14-0013,18875500630,1,13,0755,2019,2,12,23,30
1549985400000,17-0000,18875500632,1,13,0755,2019,2,12,23,30
1549985400000,23-0015,18875500661,1,13,0755,2019,2,12,23,30
1549985400000,17-0000,18875500662,1,13,0755,2019,2,12,23,30
1549985400000,17-0012,18875500676,1,13,0755,2019,2,12,23,30
1549985400000,4-0000,18875500679,1,13,0755,2019,2,12,23,30
1549985400000,14-0007,18875500692,1,13,0755,2019,2,12,23,30
1549985400000,13-0010,18875500696,1,13,0755,2019,2,12,23,30
1549985400000,15-0013,18875500712,1,13,0755,2019,2,12,23,30
1549985400000,21-0017,18875500714,2,13,0750,2019,2,12,23,30
1549985400000,4-0011,18875500728,1,13,0755,2019,2,12,23,30
1549985400000,14-0006,18875500757,1,13,0755,2019,2,12,23,30
1549985400000,18-0018,18875500759,1,13,0755,2019,2,12,23,30
1549985400000,5-0004,18875500760,1,13,0755,2019,2,12,23,30
1549985400000,13-0006,18875500764,1,13,0755,2019,2,12,23,30
1549985400000,10-0007,18875500778,1,13,0755,2019,2,12,23,30
1549985400000,4-0006,18875500782,1,13,0755,2019,2,12,23,30
1549985400000,11-0011,18875500815,2,13,0758,2019,2,12,23,30
1549985400000,17-0018,18875500819,1,13,0755,2019,2,12,23,30
1549985400000,23-0003,18875500829,1,13,0755,2019,2,12,23,30
1549985400000,23-0012,18875500837,1,13,0755,2019,2,12,23,30
1549985400000,5-0006,18875500842,1,13,0755,2019,2,12,23,30
1549985400000,16-0008,18875500857,1,13,0755,2019,2,12,23,30
1549985400000,23-0006,18875500870,1,13,0755,2019,2,12,23,30
1549985400000,16-0003,18875500874,1,13,0755,2019,2,12,23,30
1549985400000,20-0005,18875500875,1,13,0755,2019,2,12,23,30
1549985400000,19-0004,18875500889,1,13,0755,2019,2,12,23,30
1549985400000,14-0005,18875500891,1,13,0755,2019,2,12,23,30
1549985400000,14-0001,18875500896,1,13,0755,2019,2,12,23,30
1549985400000,15-0011,18875500900,1,13,0755,2019,2,12,23,30
1549985400000,4-0012,18875500901,4,0,0,2019,2,12,23,30
1549985400000,5-0003,18875500912,1,13,0755,2019,2,12,23,30
1549985400000,4-0017,18875500940,1,13,0755,2019,2,12,23,30
1549985400000,22-0014,18875500944,1,13,0755,2019,2,12,23,30
1549985400000,8-0003,18875500958,1,13,0755,2019,2,12,23,30
1549985400000,6-0007,18875500970,1,13,0755,2019,2,12,23,30
1549985400000,22-0008,18875500973,1,13,0755,2019,2,12,23,30
1549985400000,22-0017,18875500984,1,13,0755,2019,2,12,23,30
1549985400000,19-0007,18875500985,1,13,0755,2019,2,12,23,30
1549985400000,17-0002,18875500990,1,13,0755,2019,2,12,23,30
1549985400000,11-0008,18875501015,2,13,0758,2019,2,12,23,30
1549985400000,17-0010,18875501019,1,13,0755,2019,2,12,23,30
1549985400000,17-0018,18875501021,1,13,0755,2019,2,12,23,30
1549985400000,6-0010,18875501038,1,13,0755,2019,2,12,23,30
1549985400000,17-0019,18875501039,1,13,0755,2019,2,12,23,30
1549985400000,14-0009,18875501041,1,13,0755,2019,2,12,23,30
1549985400000,24-0007,18875501044,1,13,0755,2019,2,12,23,30
1549985400000,5-0001,18875501061,1,13,0755,2019,2,12,23,30
1549985400000,14-0019,18875501079,1,13,0755,2019,2,12,23,30
1549985400000,5-0013,18875501080,1,13,0755,2019,2,12,23,30
1549985400000,5-0013,18875501098,1,13,0755,2019,2,12,23,30
1549985400000,17-0006,18875501123,1,13,0755,2019,2,12,23,30
1549985400000,10-0001,18875501172,1,13,0755,2019,2,12,23,30
1549985400000,16-0018,18875501182,1,13,0755,2019,2,12,23,30
1549985400000,5-0000,18875501193,1,13,0755,2019,2,12,23,30
1549985400000,12-0016,18875501196,1,13,0755,2019,2,12,23,30
1549985400000,19-0001,18875501210,1,13,0755,2019,2,12,23,30
1549985400000,19-0001,18875501219,1,13,0755,2019,2,12,23,30
1549985400000,14-0010,18875501220,1,13,0755,2019,2,12,23,30
1549985400000,14-0009,18875501238,1,13,0755,2019,2,12,23,30
1549985400000,21-0008,18875501263,1,13,0755,2019,2,12,23,30
1549985400000,15-0016,18875501274,1,13,0755,2019,2,12,23,30
1549985400000,20-0005,18875501279,1,13,0755,2019,2,12,23,30
1549985400000,24-0014,18875501304,3,12,0,2019,2,12,23,30
1549985400000,16-0005,18875501311,1,13,0755,2019,2,12,23,30
1549985400000,19-0010,18875501326,1,13,0755,2019,2,12,23,30
1549985400000,14-0009,18875501358,1,13,0755,2019,2,12,23,30
1549985400000,15-0011,18875501367,1,13,0755,2019,2,12,23,30
1549985400000,15-0017,18875501377,1,13,0755,2019,2,12,23,30
1549985400000,19-0014,18875501384,1,13,0755,2019,2,12,23,30
1549985400000,20-0005,18875501390,1,13,0755,2019,2,12,23,30
1549985400000,15-0013,18875501407,3,22,0,2019,2,12,23,30
1549985400000,21-0019,18875501426,1,13,0755,2019,2,12,23,30
1549985400000,9-0015,18875501430,1,13,0755,2019,2,12,23,30
1549985400000,18-0010,18875501433,1,13,0755,2019,2,12,23,30
1549985400000,21-0008,18875501447,1,13,0755,2019,2,12,23,30
1549985400000,11-0011,18875501460,1,13,0755,2019,2,12,23,30
1549985400000,7-0017,18875501465,1,13,0755,2019,2,12,23,30
1549985400000,12-0000,18875501466,1,13,0755,2019,2,12,23,30
1549985400000,18-0013,18875501471,1,13,0755,2019,2,12,23,30
1549985400000,13-0003,18875501477,1,13,0755,2019,2,12,23,30
1549985400000,7-0013,18875501481,1,13,0755,2019,2,12,23,30
1549985400000,12-0018,18875501495,1,13,0755,2019,2,12,23,30
1549985400000,13-0004,18875501508,3,24,0,2019,2,12,23,30
1549985400000,16-0015,18875501513,2,13,020,2019,2,12,23,30
1549985400000,11-0009,18875501514,2,13,0750,2019,2,12,23,30
1549985400000,14-0004,18875501522,1,13,0755,2019,2,12,23,30
1549985400000,4-0000,18875501527,1,13,0755,2019,2,12,23,30
1549985400000,7-0015,18875501538,1,13,0755,2019,2,12,23,30
1549985400000,7-0018,18875501541,1,13,0755,2019,2,12,23,30
1549985400000,12-0002,18875501549,1,13,0755,2019,2,12,23,30
1549985400000,16-0009,18875501557,1,13,0755,2019,2,12,23,30
1549985400000,22-0010,18875501580,1,13,0755,2019,2,12,23,30
1549985400000,22-0010,18875501599,1,13,0755,2019,2,12,23,30
1549985400000,24-0019,18875501611,1,13,0755,2019,2,12,23,30
1549985400000,12-0006,18875501614,2,13,0750,2019,2,12,23,30
1549985400000,22-0003,18875501616,2,13,0753,2019,2,12,23,30
1549985400000,7-0002,18875501630,1,13,0755,2019,2,12,23,30
1549985400000,11-0016,18875501633,1,13,0755,2019,2,12,23,30
1549985400000,24-0004,18875501642,1,13,0755,2019,2,12,23,30
1549985400000,5-0013,18875501651,1,13,0755,2019,2,12,23,30
1549985400000,12-0012,18875501670,1,13,0755,2019,2,12,23,30
1549985400000,8-0016,18875501701,4,0,0,2019,2,12,23,30
1549985400000,13-0003,18875501725,1,13,0755,2019,2,12,23,30
1549985400000,8-0013,18875501740,1,13,0755,2019,2,12,23,30
1549985400000,4-0009,18875501743,1,13,0755,2019,2,12,23,30
1549985400000,5-0008,18875501751,1,13,0755,2019,2,12,23,30
1549985400000,19-0000,18875501754,1,13,0755,2019,2,12,23,30
1549985400000,18-0001,18875501761,1,13,0755,2019,2,12,23,30
1549985400000,23-0012,18875501765,1,13,0755,2019,2,12,23,30
1549985400000,16-0004,18875501784,1,13,0755,2019,2,12,23,30
1549985400000,9-0014,18875501785,1,13,0755,2019,2,12,23,30
1549985400000,13-0007,18875501800,1,13,0755,2019,2,12,23,30
1549985400000,4-0016,18875501806,3,21,0,2019,2,12,23,30
1549985400000,5-0017,18875501812,1,13,0755,2019,2,12,23,30
1549985400000,17-0016,18875501813,2,13,020,2019,2,12,23,30
1549985400000,11-0000,18875501842,1,13,0755,2019,2,12,23,30
1549985400000,10-0013,18875501852,1,13,0755,2019,2,12,23,30
1549985400000,6-0006,18875501873,1,13,0755,2019,2,12,23,30
1549985400000,16-0000,18875501884,1,13,0755,2019,2,12,23,30
1549985400000,10-0019,18875501891,1,13,0755,2019,2,12,23,30
1549985400000,12-0003,18875501902,3,10,0,2019,2,12,23,30
1549985400000,24-0013,18875501904,3,12,0,2019,2,12,23,30
1549985400000,14-0006,18875501906,3,21,0,2019,2,12,23,30
1549985400000,8-0002,18875501913,2,13,020,2019,2,12,23,30
1549985400000,17-0002,18875501915,2,13,0758,2019,2,12,23,30
1549985400000,13-0000,18875501927,1,13,0755,2019,2,12,23,30
1549985400000,16-0004,18875501932,1,13,0755,2019,2,12,23,30
1549985400000,15-0010,18875501947,1,13,0755,2019,2,12,23,30
1549985400000,6-0006,18875501963,1,13,0755,2019,2,12,23,30
1549985400000,21-0007,18875502001,4,0,0,2019,2,12,23,30
1549985400000,5-0011,18875502003,3,11,0,2019,2,12,23,30
1549985400000,23-0003,18875502004,3,12,0,2019,2,12,23,30
1549985400000,12-0019,18875502040,1,13,0755,2019,2,12,23,30
1549985400000,21-0003,18875502076,1,13,0755,2019,2,12,23,30
1549985400000,19-0014,18875502078,1,13,0755,2019,2,12,23,30
1549985400000,10-0016,18875502087,1,13,0755,2019,2,12,23,30
1549985400000,21-0009,18875502100,1,13,0755,2019,2,12,23,30
1549985400000,13-0014,18875502108,3,24,0,2019,2,12,23,30
1549985400000,5-0007,18875502109,1,13,0755,2019,2,12,23,30
1549985400000,21-0000,18875502112,1,13,0755,2019,2,12,23,30
1549985400000,23-0010,18875502118,2,13,0757,2019,2,12,23,30
1549985400000,4-0013,18875502121,1,13,0755,2019,2,12,23,30
1549985400000,17-0011,18875502144,1,13,0755,2019,2,12,23,30
1549985400000,10-0015,18875502153,1,13,0755,2019,2,12,23,30
1549985400000,7-0012,18875502154,1,13,0755,2019,2,12,23,30
1549985400000,24-0018,18875502169,1,13,0755,2019,2,12,23,30
1549985400000,7-0018,18875502172,1,13,0755,2019,2,12,23,30
1549985400000,11-0009,18875502188,1,13,0755,2019,2,12,23,30
1549985400000,16-0001,18875502194,1,13,0755,2019,2,12,23,30
1549985400000,7-0018,18875502214,2,13,0750,2019,2,12,23,30
1549985400000,15-0002,18875502242,1,13,0755,2019,2,12,23,30
1549985400000,23-0004,18875502243,1,13,0755,2019,2,12,23,30
1549985400000,24-0013,18875502258,1,13,0755,2019,2,12,23,30
1549985400000,11-0010,18875502269,1,13,0755,2019,2,12,23,30
1549985400000,14-0010,18875502272,1,13,0755,2019,2,12,23,30
1549985400000,24-0008,18875502284,1,13,0755,2019,2,12,23,30
1549985400000,16-0019,18875502301,4,0,0,2019,2,12,23,30
1549985400000,17-0013,18875502302,3,10,0,2019,2,12,23,30
1549985400000,21-0018,18875502306,3,21,0,2019,2,12,23,30
1549985400000,4-0017,18875502313,2,13,020,2019,2,12,23,30
1549985400000,16-0017,18875502322,1,13,0755,2019,2,12,23,30
1549985400000,18-0002,18875502333,1,13,0755,2019,2,12,23,30
1549985400000,18-0010,18875502338,1,13,0755,2019,2,12,23,30
1549985400000,13-0008,18875502349,1,13,0755,2019,2,12,23,30
1549985400000,19-0006,18875502367,1,13,0755,2019,2,12,23,30
1549985400000,18-0015,18875502371,1,13,0755,2019,2,12,23,30
1549985400000,19-0018,18875502372,1,13,0755,2019,2,12,23,30
1549985400000,21-0000,18875502373,1,13,0755,2019,2,12,23,30
1549985400000,13-0005,18875502391,1,13,0755,2019,2,12,23,30
1549985400000,23-0009,18875502401,4,0,0,2019,2,12,23,30
1549985400000,13-0004,18875502414,2,13,0750,2019,2,12,23,30
1549985400000,18-0003,18875502431,1,13,0755,2019,2,12,23,30
1549985400000,13-0016,18875502443,1,13,0755,2019,2,12,23,30
1549985400000,14-0002,18875502452,1,13,0755,2019,2,12,23,30
1549985400000,24-0019,18875502465,1,13,0755,2019,2,12,23,30
1549985400000,21-0000,18875502474,1,13,0755,2019,2,12,23,30
1549985400000,18-0002,18875502491,1,13,0755,2019,2,12,23,30
1549985400000,19-0004,18875502535,1,13,0755,2019,2,12,23,30
1549985400000,22-0000,18875502539,1,13,0755,2019,2,12,23,30
1549985400000,24-0014,18875502549,1,13,0755,2019,2,12,23,30
1549985400000,22-0018,18875502558,1,13,0755,2019,2,12,23,30
1549985400000,24-0008,18875502568,1,13,0755,2019,2,12,23,30
1549985400000,23-0010,18875502571,1,13,0755,2019,2,12,23,30
1549985400000,21-0007,18875502572,1,13,0755,2019,2,12,23,30
1549985400000,14-0009,18875502586,1,13,0755,2019,2,12,23,30
1549985400000,18-0017,18875502595,1,13,0755,2019,2,12,23,30
1549985400000,21-0002,18875502602,3,10,0,2019,2,12,23,30
1549985400000,15-0001,18875502603,3,11,0,2019,2,12,23,30
1549985400000,12-0000,18875502615,2,13,0758,2019,2,12,23,30
1549985400000,5-0004,18875502633,1,13,0755,2019,2,12,23,30
1549985400000,6-0002,18875502634,1,13,0755,2019,2,12,23,30
1549985400000,10-0016,18875502666,1,13,0755,2019,2,12,23,30
1549985400000,7-0005,18875502668,1,13,0755,2019,2,12,23,30
1549985400000,10-0014,18875502672,1,13,0755,2019,2,12,23,30
1549985400000,13-0009,18875502679,1,13,0755,2019,2,12,23,30
1549985400000,24-0001,18875502680,1,13,0755,2019,2,12,23,30
1549985400000,21-0002,18875502684,1,13,0755,2019,2,12,23,30
1549985400000,18-0007,18875502697,1,13,0755,2019,2,12,23,30
1549985400000,7-0004,18875502706,3,21,0,2019,2,12,23,30
1549985400000,7-0016,18875502719,1,13,0755,2019,2,12,23,30
1549985400000,14-0018,18875502721,1,13,0755,2019,2,12,23,30
1549985400000,13-0016,18875502744,1,13,0755,2019,2,12,23,30
1549985400000,14-0005,18875502747,1,13,0755,2019,2,12,23,30
1549985400000,16-0013,18875502758,1,13,0755,2019,2,12,23,30
1549985400000,16-0006,18875502762,1,13,0755,2019,2,12,23,30
1549985400000,23-0008,18875502770,1,13,0755,2019,2,12,23,30
1549985400000,21-0005,18875502772,1,13,0755,2019,2,12,23,30
1549985400000,5-0001,18875502785,1,13,0755,2019,2,12,23,30
1549985400000,20-0003,18875502800,1,13,0755,2019,2,12,23,30
1549985400000,23-0009,18875502808,3,24,0,2019,2,12,23,30
1549985400000,22-0018,18875502818,2,13,0757,2019,2,12,23,30
1549985400000,16-0011,18875502819,1,13,0755,2019,2,12,23,30
1549985400000,4-0002,18875502822,1,13,0755,2019,2,12,23,30
1549985400000,14-0000,18875502827,1,13,0755,2019,2,12,23,30
1549985400000,21-0000,18875502837,1,13,0755,2019,2,12,23,30
1549985400000,24-0014,18875502848,1,13,0755,2019,2,12,23,30
1549985400000,22-0008,18875502849,1,13,0755,2019,2,12,23,30
1549985400000,20-0019,18875502856,1,13,0755,2019,2,12,23,30
1549985400000,7-0007,18875502858,1,13,0755,2019,2,12,23,30
1549985400000,11-0015,18875502880,1,13,0755,2019,2,12,23,30
1549985400000,23-0008,18875502881,1,13,0755,2019,2,12,23,30
1549985400000,11-0002,18875502888,1,13,0755,2019,2,12,23,30
1549985400000,13-0006,18875502893,1,13,0755,2019,2,12,23,30
1549985400000,17-0003,18875502899,1,13,0755,2019,2,12,23,30
1549985400000,16-0017,18875502947,1,13,0755,2019,2,12,23,30
1549985400000,16-0001,18875502953,1,13,0755,2019,2,12,23,30
1549985400000,13-0006,18875502965,1,13,0755,2019,2,12,23,30
1549985400000,23-0004,18875502969,1,13,0755,2019,2,12,23,30
1549985400000,17-0016,18875502998,1,13,0755,2019,2,12,23,30
1549985400000,19-0016,18875503008,3,24,0,2019,2,12,23,30
1549985400000,19-0005,18875503010,1,13,0755,2019,2,12,23,30
1549985400000,23-0018,18875503039,1,13,0755,2019,2,12,23,30
1549985400000,17-0003,18875503056,1,13,0755,2019,2,12,23,30
1549985400000,11-0003,18875503060,1,13,0755,2019,2,12,23,30
1549985400000,19-0005,18875503071,1,13,0755,2019,2,12,23,30
1549985400000,22-0008,18875503078,1,13,0755,2019,2,12,23,30
1549985400000,23-0017,18875503082,1,13,0755,2019,2,12,23,30
1549985400000,19-0013,18875503108,3,24,0,2019,2,12,23,30
1549985400000,21-0004,18875503110,1,13,0755,2019,2,12,23,30
1549985400000,11-0014,18875503111,1,13,0755,2019,2,12,23,30
1549985400000,23-0017,18875503115,2,13,0758,2019,2,12,23,30
1549985400000,7-0000,18875503117,2,13,0752,2019,2,12,23,30
1549985400000,11-0011,18875503118,2,13,0757,2019,2,12,23,30
1549985400000,13-0001,18875503127,1,13,0755,2019,2,12,23,30
1549985400000,14-0018,18875503133,1,13,0755,2019,2,12,23,30
1549985400000,18-0014,18875503135,1,13,0755,2019,2,12,23,30
1549985400000,23-0010,18875503139,1,13,0755,2019,2,12,23,30
1549985400000,23-0009,18875503169,1,13,0755,2019,2,12,23,30
1549985400000,8-0006,18875503171,1,13,0755,2019,2,12,23,30
1549985400000,18-0000,18875503194,1,13,0755,2019,2,12,23,30
1549985400000,10-0013,18875503203,3,11,0,2019,2,12,23,30
1549985400000,5-0005,18875503216,2,13,0753,2019,2,12,23,30
1549985400000,21-0016,18875503222,1,13,0755,2019,2,12,23,30
1549985400000,14-0006,18875503227,1,13,0755,2019,2,12,23,30
1549985400000,15-0003,18875503229,1,13,0755,2019,2,12,23,30
1549985400000,18-0012,18875503237,1,13,0755,2019,2,12,23,30
1549985400000,8-0008,18875503240,1,13,0755,2019,2,12,23,30
1549985400000,8-0005,18875503248,1,13,0755,2019,2,12,23,30
1549985400000,13-0002,18875503259,1,13,0755,2019,2,12,23,30
1549985400000,14-0005,18875503306,3,21,0,2019,2,12,23,30
1549985400000,21-0005,18875503307,3,22,0,2019,2,12,23,30
1549985400000,13-0012,18875503313,2,13,020,2019,2,12,23,30
1549985400000,13-0004,18875503316,2,13,0753,2019,2,12,23,30
1549985400000,16-0001,18875503320,1,13,0755,2019,2,12,23,30
1549985400000,6-0012,18875503335,1,13,0755,2019,2,12,23,30
1549985400000,7-0014,18875503341,1,13,0755,2019,2,12,23,30
1549985400000,11-0002,18875503343,1,13,0755,2019,2,12,23,30
1549985400000,14-0005,18875503349,1,13,0755,2019,2,12,23,30
1549985400000,15-0006,18875503357,1,13,0755,2019,2,12,23,30
1549985400000,7-0000,18875503378,1,13,0755,2019,2,12,23,30
1549985400000,10-0013,18875503381,1,13,0755,2019,2,12,23,30
1549985400000,12-0006,18875503392,1,13,0755,2019,2,12,23,30
1549985400000,12-0005,18875503405,3,14,0,2019,2,12,23,30
1549985400000,5-0017,18875503409,1,13,0755,2019,2,12,23,30
1549985400000,24-0003,18875503459,1,13,0755,2019,2,12,23,30
1549985400000,19-0006,18875503462,1,13,0755,2019,2,12,23,30
1549985400000,10-0009,18875503463,1,13,0755,2019,2,12,23,30
1549985400000,16-0017,18875503467,1,13,0755,2019,2,12,23,30
1549985400000,22-0013,18875503481,1,13,0755,2019,2,12,23,30
1549985400000,12-0015,18875503487,1,13,0755,2019,2,12,23,30
1549985400000,22-0016,18875503492,1,13,0755,2019,2,12,23,30
1549985400000,5-0016,18875503494,1,13,0755,2019,2,12,23,30
1549985400000,18-0003,18875503498,1,13,0755,2019,2,12,23,30
1549985400000,10-0000,18875503517,2,13,0752,2019,2,12,23,30
1549985400000,22-0001,18875503528,1,13,0755,2019,2,12,23,30
1549985400000,7-0017,18875503532,1,13,0755,2019,2,12,23,30
1549985400000,18-0010,18875503533,1,13,0755,2019,2,12,23,30
1549985400000,7-0009,18875503549,1,13,0755,2019,2,12,23,30
1549985400000,24-0001,18875503568,1,13,0755,2019,2,12,23,30
1549985400000,13-0005,18875503585,1,13,0755,2019,2,12,23,30
1549985400000,14-0015,18875503593,1,13,0755,2019,2,12,23,30
1549985400000,4-0011,18875503599,1,13,0755,2019,2,12,23,30
1549985400000,8-0003,18875503604,3,12,0,2019,2,12,23,30
1549985400000,24-0016,18875503625,1,13,0755,2019,2,12,23,30
1549985400000,4-0004,18875503630,1,13,0755,2019,2,12,23,30
1549985400000,16-0017,18875503636,1,13,0755,2019,2,12,23,30
1549985400000,14-0009,18875503638,1,13,0755,2019,2,12,23,30
1549985400000,18-0019,18875503640,1,13,0755,2019,2,12,23,30
1549985400000,4-0012,18875503650,0,0,0,2019,2,12,23,30
1549985400000,5-0005,18875503679,1,13,0755,2019,2,12,23,30
1549985400000,12-0015,18875503695,1,13,0755,2019,2,12,23,30
1549985400000,7-0004,18875503698,1,13,0755,2019,2,12,23,30
1549985400000,17-0012,18875503702,3,10,0,2019,2,12,23,30
1549985400000,22-0015,18875503704,3,12,0,2019,2,12,23,30
1549985400000,20-0009,18875503766,1,13,0755,2019,2,12,23,30
1549985400000,21-0019,18875503780,1,13,0755,2019,2,12,23,30
1549985400000,24-0003,18875503788,1,13,0755,2019,2,12,23,30
1549985400000,5-0007,18875503791,1,13,0755,2019,2,12,23,30
1549985400000,12-0004,18875503824,1,13,0755,2019,2,12,23,30
1549985400000,10-0012,18875503851,1,13,0755,2019,2,12,23,30
1549985400000,7-0000,18875503878,1,13,0755,2019,2,12,23,30
1549985400000,18-0000,18875503916,2,13,0753,2019,2,12,23,30
1549985400000,19-0010,18875503945,1,13,0755,2019,2,12,23,30
1549985400000,17-0008,18875503947,1,13,0755,2019,2,12,23,30
1549985400000,15-0009,18875503961,1,13,0755,2019,2,12,23,30
1549985400000,24-0015,18875503969,1,13,0755,2019,2,12,23,30
1549985400000,9-0000,18875503984,1,13,0755,2019,2,12,23,30
1549985400000,23-0000,18875503996,1,13,0755,2019,2,12,23,30
1549985400000,9-0011,18875504016,2,13,0753,2019,2,12,23,30
1549985400000,17-0003,18875504029,1,13,0755,2019,2,12,23,30
1549985400000,21-0014,18875504037,1,13,0755,2019,2,12,23,30
1549985400000,22-0009,18875504059,1,13,0755,2019,2,12,23,30
1549985400000,20-0001,18875504164,1,13,0755,2019,2,12,23,30
1549985400000,19-0009,18875504165,1,13,0755,2019,2,12,23,30
1549985400000,9-0014,18875504171,1,13,0755,2019,2,12,23,30
1549985400000,19-0010,18875504176,1,13,0755,2019,2,12,23,30
1549985400000,17-0000,18875504181,1,13,0755,2019,2,12,23,30
1549985400000,18-0003,18875504193,1,13,0755,2019,2,12,23,30
1549985400000,23-0012,18875504196,1,13,0755,2019,2,12,23,30
1549985400000,18-0011,18875504215,2,13,0758,2019,2,12,23,30
1549985400000,19-0013,18875504224,1,13,0755,2019,2,12,23,30
1549985400000,24-0019,18875504227,1,13,0755,2019,2,12,23,30
1549985400000,12-0018,18875504239,1,13,0755,2019,2,12,23,30
1549985400000,19-0007,18875504246,1,13,0755,2019,2,12,23,30
1549985400000,22-0014,18875504250,0,0,0,2019,2,12,23,30
1549985400000,15-0003,18875504258,1,13,0755,2019,2,12,23,30
1549985400000,5-0005,18875504260,1,13,0755,2019,2,12,23,30
1549985400000,24-0001,18875504282,1,13,0755,2019,2,12,23,30
1549985400000,6-0011,18875504298,1,13,0755,2019,2,12,23,30
1549985400000,19-0002,18875504301,4,0,0,2019,2,12,23,30
1549985400000,8-0014,18875504328,1,13,0755,2019,2,12,23,30
1549985400000,22-0011,18875504357,1,13,0755,2019,2,12,23,30
1549985400000,15-0005,18875504364,1,13,0755,2019,2,12,23,30
1549985400000,19-0007,18875504370,1,13,0755,2019,2,12,23,30
1549985400000,23-0007,18875504382,1,13,0755,2019,2,12,23,30
1549985400000,6-0010,18875504402,3,10,0,2019,2,12,23,30
1549985400000,6-0017,18875504404,3,12,0,2019,2,12,23,30
1549985400000,13-0003,18875504411,1,13,0755,2019,2,12,23,30
1549985400000,7-0014,18875504418,2,13,0757,2019,2,12,23,30
1549985400000,11-0007,18875504419,1,13,0755,2019,2,12,23,30
1549985400000,6-0010,18875504435,1,13,0755,2019,2,12,23,30
1549985400000,4-0009,18875504444,1,13,0755,2019,2,12,23,30
1549985400000,15-0002,18875504489,1,13,0755,2019,2,12,23,30
1549985400000,12-0002,18875504503,3,11,0,2019,2,12,23,30
1549985400000,23-0008,18875504504,3,12,0,2019,2,12,23,30
1549985400000,7-0013,18875504523,1,13,0755,2019,2,12,23,30
1549985400000,17-0005,18875504527,1,13,0755,2019,2,12,23,30
1549985400000,14-0008,18875504530,1,13,0755,2019,2,12,23,30
1549985400000,9-0016,18875504548,1,13,0755,2019,2,12,23,30
1549985400000,5-0011,18875504554,1,13,0755,2019,2,12,23,30
1549985400000,6-0013,18875504558,1,13,0755,2019,2,12,23,30
1549985400000,21-0009,18875504573,1,13,0755,2019,2,12,23,30
1549985400000,19-0014,18875504590,1,13,0755,2019,2,12,23,30
1549985400000,10-0009,18875504628,1,13,0755,2019,2,12,23,30
1549985400000,23-0013,18875504643,1,13,0755,2019,2,12,23,30
1549985400000,5-0017,18875504646,1,13,0755,2019,2,12,23,30
1549985400000,16-0010,18875504665,1,13,0755,2019,2,12,23,30
1549985400000,8-0016,18875504674,1,13,0755,2019,2,12,23,30
1549985400000,15-0008,18875504704,3,12,0,2019,2,12,23,30
1549985400000,16-0000,18875504747,1,13,0755,2019,2,12,23,30
1549985400000,5-0005,18875504764,1,13,0755,2019,2,12,23,30
1549985400000,6-0013,18875504768,1,13,0755,2019,2,12,23,30
1549985400000,9-0000,18875504769,1,13,0755,2019,2,12,23,30
1549985400000,18-0002,18875504772,1,13,0755,2019,2,12,23,30
1549985400000,6-0011,18875504785,1,13,0755,2019,2,12,23,30
1549985400000,19-0002,18875504787,1,13,0755,2019,2,12,23,30
1549985400000,22-0007,18875504791,1,13,0755,2019,2,12,23,30
1549985400000,23-0018,18875504794,1,13,0755,2019,2,12,23,30
1549985400000,12-0013,18875504797,1,13,0755,2019,2,12,23,30
1549985400000,24-0003,18875504803,3,11,0,2019,2,12,23,30
1549985400000,14-0015,18875504815,2,13,0758,2019,2,12,23,30
1549985400000,13-0009,18875504819,1,13,0755,2019,2,12,23,30
1549985400000,16-0009,18875504825,1,13,0755,2019,2,12,23,30
1549985400000,5-0018,18875504878,1,13,0755,2019,2,12,23,30
1549985400000,5-0004,18875504930,1,13,0755,2019,2,12,23,30
1549985400000,5-0003,18875504935,1,13,0755,2019,2,12,23,30
1549985400000,11-0002,18875504941,1,13,0755,2019,2,12,23,30
1549985400000,17-0010,18875504946,1,13,0755,2019,2,12,23,30
1549985400000,19-0017,18875504964,1,13,0755,2019,2,12,23,30
1549985400000,20-0009,18875504971,1,13,0755,2019,2,12,23,30
1549985400000,19-0011,18875504982,1,13,0755,2019,2,12,23,30
1549985400000,4-0009,18875505001,4,0,0,2019,2,12,23,30
1549985400000,17-0009,18875505010,1,13,0755,2019,2,12,23,30
1549985400000,23-0007,18875505041,1,13,0755,2019,2,12,23,30
1549985400000,17-0000,18875505042,1,13,0755,2019,2,12,23,30
1549985400000,6-0017,18875505061,1,13,0755,2019,2,12,23,30
1549985400000,11-0017,18875505063,1,13,0755,2019,2,12,23,30
1549985400000,15-0007,18875505065,1,13,0755,2019,2,12,23,30
1549985400000,6-0003,18875505075,1,13,0755,2019,2,12,23,30
1549985400000,15-0016,18875505088,1,13,0755,2019,2,12,23,30
1549985400000,17-0009,18875505093,1,13,0755,2019,2,12,23,30
1549985400000,23-0016,18875505101,4,0,0,2019,2,12,23,30
1549985400000,24-0015,18875505105,3,14,0,2019,2,12,23,30
1549985400000,20-0009,18875505114,2,13,0750,2019,2,12,23,30
1549985400000,15-0009,18875505117,2,13,0752,2019,2,12,23,30
1549985400000,13-0004,18875505125,1,13,0755,2019,2,12,23,30
1549985400000,16-0000,18875505132,1,13,0755,2019,2,12,23,30
1549985400000,5-0004,18875505134,1,13,0755,2019,2,12,23,30
1549985400000,15-0000,18875505140,1,13,0755,2019,2,12,23,30
1549985400000,24-0014,18875505145,1,13,0755,2019,2,12,23,30
1549985400000,23-0018,18875505164,1,13,0755,2019,2,12,23,30
1549985400000,15-0011,18875505168,1,13,0755,2019,2,12,23,30
1549985400000,10-0010,18875505170,1,13,0755,2019,2,12,23,30
1549985400000,9-0019,18875505173,1,13,0755,2019,2,12,23,30
1549985400000,23-0007,18875505227,1,13,0755,2019,2,12,23,30
1549985400000,11-0016,18875505231,1,13,0755,2019,2,12,23,30
1549985400000,15-0009,18875505237,1,13,0755,2019,2,12,23,30
1549985400000,9-0007,18875505245,1,13,0755,2019,2,12,23,30
1549985400000,18-0015,18875505249,1,13,0755,2019,2,12,23,30
1549985400000,12-0011,18875505252,1,13,0755,2019,2,12,23,30
1549985400000,24-0001,18875505256,1,13,0755,2019,2,12,23,30
1549985400000,10-0019,18875505268,1,13,0755,2019,2,12,23,30
1549985400000,19-0006,18875505273,1,13,0755,2019,2,12,23,30
1549985400000,15-0018,18875505291,1,13,0755,2019,2,12,23,30
1549985400000,24-0005,18875505318,2,13,0757,2019,2,12,23,30
1549985400000,17-0014,18875505360,1,13,0755,2019,2,12,23,30
1549985400000,8-0016,18875505370,1,13,0755,2019,2,12,23,30
1549985400000,11-0009,18875505380,1,13,0755,2019,2,12,23,30
1549985400000,9-0013,18875505391,1,13,0755,2019,2,12,23,30
1549985400000,20-0006,18875505396,1,13,0755,2019,2,12,23,30
1549985400000,16-0003,18875505437,1,13,0755,2019,2,12,23,30
1549985400000,5-0013,18875505469,1,13,0755,2019,2,12,23,30
1549985400000,5-0004,18875505477,1,13,0755,2019,2,12,23,30
1549985400000,5-0019,18875505497,1,13,0755,2019,2,12,23,30
1549985400000,14-0002,18875505498,1,13,0755,2019,2,12,23,30
1549985400000,14-0015,18875505501,4,0,0,2019,2,12,23,30
1549985400000,22-0007,18875505512,1,13,0755,2019,2,12,23,30
1549985400000,11-0018,18875505518,2,13,0757,2019,2,12,23,30
1549985400000,10-0012,18875505531,1,13,0755,2019,2,12,23,30
1549985400000,7-0003,18875505538,1,13,0755,2019,2,12,23,30
1549985400000,16-0011,18875505542,1,13,0755,2019,2,12,23,30
1549985400000,13-0017,18875505566,1,13,0755,2019,2,12,23,30
1549985400000,7-0002,18875505570,1,13,0755,2019,2,12,23,30
1549985400000,12-0019,18875505571,1,13,0755,2019,2,12,23,30
1549985400000,5-0006,18875505586,1,13,0755,2019,2,12,23,30
1549985400000,16-0014,18875505597,1,13,0755,2019,2,12,23,30
1549985400000,11-0006,18875505635,1,13,0755,2019,2,12,23,30
1549985400000,20-0015,18875505640,1,13,0755,2019,2,12,23,30
1549985400000,20-0007,18875505646,1,13,0755,2019,2,12,23,30
1549985400000,12-0007,18875505655,1,13,0755,2019,2,12,23,30
1549985400000,11-0007,18875505657,1,13,0755,2019,2,12,23,30
1549985400000,5-0015,18875505672,1,13,0755,2019,2,12,23,30
1549985400000,8-0003,18875505680,1,13,0755,2019,2,12,23,30
1549985400000,4-0018,18875505687,1,13,0755,2019,2,12,23,30
1549985400000,11-0013,18875505707,3,22,0,2019,2,12,23,30
1549985400000,9-0015,18875505709,1,13,0755,2019,2,12,23,30
1549985400000,12-0010,18875505710,1,13,0755,2019,2,12,23,30
1549985400000,22-0011,18875505721,1,13,0755,2019,2,12,23,30
1549985400000,5-0015,18875505748,1,13,0755,2019,2,12,23,30
1549985400000,15-0004,18875505792,1,13,0755,2019,2,12,23,30
1549985400000,9-0019,18875505839,1,13,0755,2019,2,12,23,30
1549985400000,18-0009,18875505856,1,13,0755,2019,2,12,23,30
1549985400000,23-0008,18875505860,1,13,0755,2019,2,12,23,30
1549985400000,12-0007,18875505881,1,13,0755,2019,2,12,23,30
1549985400000,13-0018,18875505907,3,22,0,2019,2,12,23,30
1549985400000,13-0013,18875505918,2,13,0757,2019,2,12,23,30
1549985400000,19-0000,18875505928,1,13,0755,2019,2,12,23,30
1549985400000,10-0008,18875505934,1,13,0755,2019,2,12,23,30
1549985400000,17-0008,18875505946,1,13,0755,2019,2,12,23,30
1549985400000,9-0009,18875505970,1,13,0755,2019,2,12,23,30
1549985400000,12-0012,18875505974,1,13,0755,2019,2,12,23,30
1549985400000,15-0018,18875505975,1,13,0755,2019,2,12,23,30
1549985400000,19-0016,18875505994,1,13,0755,2019,2,12,23,30
1549985400000,9-0006,18875505998,1,13,0755,2019,2,12,23,30
1549985400000,22-0007,18875506000,1,13,0755,2019,2,12,23,30
1549985400000,5-0018,18875506036,1,13,0755,2019,2,12,23,30
1549985400000,24-0001,18875506049,1,13,0755,2019,2,12,23,30
1549985400000,24-0016,18875506056,1,13,0755,2019,2,12,23,30
1549985400000,23-0006,18875506061,1,13,0755,2019,2,12,23,30
1549985400000,23-0003,18875506070,1,13,0755,2019,2,12,23,30
1549985400000,12-0009,18875506072,1,13,0755,2019,2,12,23,30
1549985400000,11-0014,18875506089,1,13,0755,2019,2,12,23,30
1549985400000,17-0017,18875506109,1,13,0755,2019,2,12,23,30
1549985400000,7-0012,18875506120,1,13,0755,2019,2,12,23,30
1549985400000,14-0010,18875506128,1,13,0755,2019,2,12,23,30
1549985400000,17-0017,18875506130,1,13,0755,2019,2,12,23,30
1549985400000,15-0013,18875506132,1,13,0755,2019,2,12,23,30
1549985400000,9-0005,18875506150,0,0,0,2019,2,12,23,30
1549985400000,21-0014,18875506156,1,13,0755,2019,2,12,23,30
1549985400000,8-0012,18875506170,1,13,0755,2019,2,12,23,30
1549985400000,24-0002,18875506182,1,13,0755,2019,2,12,23,30
1549985400000,9-0019,18875506185,1,13,0755,2019,2,12,23,30
1549985400000,9-0011,18875506187,1,13,0755,2019,2,12,23,30
1549985400000,10-0012,18875506191,1,13,0755,2019,2,12,23,30
1549985400000,13-0006,18875506196,1,13,0755,2019,2,12,23,30
1549985400000,13-0015,18875506197,1,13,0755,2019,2,12,23,30
1549985400000,9-0019,18875506217,2,13,0752,2019,2,12,23,30
1549985400000,8-0015,18875506239,1,13,0755,2019,2,12,23,30
1549985400000,20-0019,18875506242,1,13,0755,2019,2,12,23,30
1549985400000,5-0005,18875506247,1,13,0755,2019,2,12,23,30
1549985400000,15-0010,18875506252,1,13,0755,2019,2,12,23,30
1549985400000,16-0009,18875506266,1,13,0755,2019,2,12,23,30
1549985400000,19-0015,18875506279,1,13,0755,2019,2,12,23,30
1549985400000,12-0013,18875506285,1,13,0755,2019,2,12,23,30
1549985400000,20-0007,18875506294,1,13,0755,2019,2,12,23,30
1549985400000,18-0016,18875506295,1,13,0755,2019,2,12,23,30
1549985400000,22-0008,18875506331,1,13,0755,2019,2,12,23,30
1549985400000,12-0010,18875506363,1,13,0755,2019,2,12,23,30
1549985400000,13-0000,18875506367,1,13,0755,2019,2,12,23,30
1549985400000,21-0013,18875506377,1,13,0755,2019,2,12,23,30
1549985400000,14-0019,18875506381,1,13,0755,2019,2,12,23,30
1549985400000,14-0018,18875506396,1,13,0755,2019,2,12,23,30
1549985400000,23-0013,18875506416,2,13,0753,2019,2,12,23,30
1549985400000,10-0018,18875506421,1,13,0755,2019,2,12,23,30
1549985400000,23-0002,18875506433,1,13,0755,2019,2,12,23,30
1549985400000,13-0001,18875506452,1,13,0755,2019,2,12,23,30
1549985400000,22-0019,18875506468,1,13,0755,2019,2,12,23,30
1549985400000,20-0017,18875506490,1,13,0755,2019,2,12,23,30
1549985400000,16-0012,18875506496,1,13,0755,2019,2,12,23,30
1549985400000,9-0007,18875506499,1,13,0755,2019,2,12,23,30
1549985400000,13-0000,18875506505,3,14,0,2019,2,12,23,30
1549985400000,17-0016,18875506527,1,13,0755,2019,2,12,23,30
1549985400000,11-0017,18875506597,1,13,0755,2019,2,12,23,30
1549985400000,8-0009,18875506632,1,13,0755,2019,2,12,23,30
1549985400000,22-0010,18875506642,1,13,0755,2019,2,12,23,30
1549985400000,6-0011,18875506655,1,13,0755,2019,2,12,23,30
1549985400000,18-0004,18875506664,1,13,0755,2019,2,12,23,30
1549985400000,17-0006,18875506667,1,13,0755,2019,2,12,23,30
1549985400000,17-0006,18875506677,1,13,0755,2019,2,12,23,30
1549985400000,8-0017,18875506680,1,13,0755,2019,2,12,23,30
1549985400000,9-0012,18875506688,1,13,0755,2019,2,12,23,30
1549985400000,13-0006,18875506695,1,13,0755,2019,2,12,23,30
1549985400000,4-0018,18875506717,2,13,0752,2019,2,12,23,30
1549985400000,12-0001,18875506725,1,13,0755,2019,2,12,23,30
1549985400000,14-0012,18875506726,1,13,0755,2019,2,12,23,30
1549985400000,12-0019,18875506736,1,13,0755,2019,2,12,23,30
1549985400000,7-0015,18875506742,1,13,0755,2019,2,12,23,30
1549985400000,15-0013,18875506743,1,13,0755,2019,2,12,23,30
1549985400000,10-0015,18875506745,1,13,0755,2019,2,12,23,30
1549985400000,18-0004,18875506748,1,13,0755,2019,2,12,23,30
1549985400000,22-0019,18875506752,1,13,0755,2019,2,12,23,30
1549985400000,14-0013,18875506766,1,13,0755,2019,2,12,23,30
1549985400000,17-0008,18875506767,1,13,0755,2019,2,12,23,30
1549985400000,5-0002,18875506769,1,13,0755,2019,2,12,23,30
1549985400000,17-0013,18875506783,1,13,0755,2019,2,12,23,30
1549985400000,14-0003,18875506793,1,13,0755,2019,2,12,23,30
1549985400000,14-0012,18875506796,1,13,0755,2019,2,12,23,30
1549985400000,10-0005,18875506800,1,13,0755,2019,2,12,23,30
1549985400000,7-0005,18875506816,2,13,0753,2019,2,12,23,30
1549985400000,5-0001,18875506820,1,13,0755,2019,2,12,23,30
1549985400000,12-0017,18875506833,1,13,0755,2019,2,12,23,30
1549985400000,24-0009,18875506838,1,13,0755,2019,2,12,23,30
1549985400000,10-0017,18875506862,1,13,0755,2019,2,12,23,30
1549985400000,5-0015,18875506866,1,13,0755,2019,2,12,23,30
1549985400000,9-0002,18875506884,1,13,0755,2019,2,12,23,30
1549985400000,14-0015,18875506892,1,13,0755,2019,2,12,23,30
1549985400000,6-0007,18875506900,1,13,0755,2019,2,12,23,30
1549985400000,11-0001,18875506916,2,13,0753,2019,2,12,23,30
1549985400000,18-0005,18875506962,1,13,0755,2019,2,12,23,30
1549985400000,24-0014,18875506975,1,13,0755,2019,2,12,23,30
1549985400000,12-0003,18875506984,1,13,0755,2019,2,12,23,30
1549985400000,10-0004,18875506996,1,13,0755,2019,2,12,23,30
1549985400000,5-0018,18875506997,1,13,0755,2019,2,12,23,30
1549985400000,10-0006,18875506998,1,13,0755,2019,2,12,23,30
1549985400000,6-0015,18875507003,3,11,0,2019,2,12,23,30
1549985400000,6-0015,18875507014,2,13,0750,2019,2,12,23,30
1549985400000,14-0011,18875507018,2,13,0757,2019,2,12,23,30
1549985400000,20-0008,18875507050,0,0,0,2019,2,12,23,30
1549985400000,9-0005,18875507055,1,13,0755,2019,2,12,23,30
1549985400000,11-0015,18875507058,1,13,0755,2019,2,12,23,30
1549985400000,4-0012,18875507070,1,13,0755,2019,2,12,23,30
1549985400000,22-0008,18875507081,1,13,0755,2019,2,12,23,30
1549985400000,22-0015,18875507106,3,21,0,2019,2,12,23,30
1549985400000,7-0012,18875507117,2,13,0752,2019,2,12,23,30
1549985400000,7-0001,18875507129,1,13,0755,2019,2,12,23,30
1549985400000,22-0015,18875507137,1,13,0755,2019,2,12,23,30
1549985400000,16-0003,18875507159,1,13,0755,2019,2,12,23,30
1549985400000,7-0018,18875507164,1,13,0755,2019,2,12,23,30
1549985400000,13-0013,18875507177,1,13,0755,2019,2,12,23,30
1549985400000,5-0008,18875507180,1,13,0755,2019,2,12,23,30
1549985400000,11-0002,18875507181,1,13,0755,2019,2,12,23,30
1549985400000,15-0001,18875507183,1,13,0755,2019,2,12,23,30
1549985400000,12-0012,18875507200,1,13,0755,2019,2,12,23,30
1549985400000,8-0008,18875507227,1,13,0755,2019,2,12,23,30
1549985400000,22-0014,18875507238,1,13,0755,2019,2,12,23,30
1549985400000,4-0012,18875507254,1,13,0755,2019,2,12,23,30
1549985400000,24-0011,18875507272,1,13,0755,2019,2,12,23,30
1549985400000,24-0019,18875507281,1,13,0755,2019,2,12,23,30
1549985400000,16-0011,18875507283,1,13,0755,2019,2,12,23,30
1549985400000,7-0009,18875507302,3,10,0,2019,2,12,23,30
1549985400000,20-0001,18875507313,2,13,020,2019,2,12,23,30
1549985400000,12-0015,18875507316,2,13,0753,2019,2,12,23,30
1549985400000,18-0006,18875507319,1,13,0755,2019,2,12,23,30
1549985400000,17-0003,18875507326,1,13,0755,2019,2,12,23,30
1549985400000,9-0010,18875507358,1,13,0755,2019,2,12,23,30
1549985400000,17-0017,18875507385,1,13,0755,2019,2,12,23,30
1549985400000,9-0001,18875507402,3,10,0,2019,2,12,23,30
1549985400000,6-0004,18875507420,1,13,0755,2019,2,12,23,30
1549985400000,11-0015,18875507433,1,13,0755,2019,2,12,23,30
1549985400000,13-0019,18875507444,1,13,0755,2019,2,12,23,30
1549985400000,7-0015,18875507448,1,13,0755,2019,2,12,23,30
1549985400000,6-0000,18875507459,1,13,0755,2019,2,12,23,30
1549985400000,20-0013,18875507496,1,13,0755,2019,2,12,23,30
1549985400000,23-0003,18875507499,1,13,0755,2019,2,12,23,30
1549985400000,12-0004,18875507515,2,13,0758,2019,2,12,23,30
1549985400000,9-0002,18875507520,1,13,0755,2019,2,12,23,30
1549985400000,5-0006,18875507545,1,13,0755,2019,2,12,23,30
1549985400000,17-0003,18875507550,0,0,0,2019,2,12,23,30
1549985400000,17-0005,18875507569,1,13,0755,2019,2,12,23,30
1549985400000,10-0017,18875507572,1,13,0755,2019,2,12,23,30
1549985400000,24-0017,18875507580,1,13,0755,2019,2,12,23,30
1549985400000,23-0018,18875507592,1,13,0755,2019,2,12,23,30
1549985400000,21-0001,18875507604,3,12,0,2019,2,12,23,30
1549985400000,18-0010,18875507622,1,13,0755,2019,2,12,23,30
1549985400000,21-0004,18875507635,1,13,0755,2019,2,12,23,30
1549985400000,20-0013,18875507659,1,13,0755,2019,2,12,23,30
1549985400000,13-0005,18875507686,1,13,0755,2019,2,12,23,30
1549985400000,8-0013,18875507709,1,13,0755,2019,2,12,23,30
1549985400000,17-0014,18875507711,1,13,0755,2019,2,12,23,30
1549985400000,10-0005,18875507713,2,13,020,2019,2,12,23,30
1549985400000,8-0014,18875507729,1,13,0755,2019,2,12,23,30
1549985400000,17-0019,18875507732,1,13,0755,2019,2,12,23,30
1549985400000,24-0002,18875507755,1,13,0755,2019,2,12,23,30
1549985400000,18-0018,18875507759,1,13,0755,2019,2,12,23,30
1549985400000,4-0013,18875507760,1,13,0755,2019,2,12,23,30
1549985400000,19-0006,18875507765,1,13,0755,2019,2,12,23,30
1549985400000,20-0001,18875507767,1,13,0755,2019,2,12,23,30
1549985400000,8-0016,18875507772,1,13,0755,2019,2,12,23,30
1549985400000,6-0013,18875507776,1,13,0755,2019,2,12,23,30
1549985400000,8-0006,18875507810,1,13,0755,2019,2,12,23,30
1549985400000,23-0018,18875507822,1,13,0755,2019,2,12,23,30
1549985400000,5-0001,18875507823,1,13,0755,2019,2,12,23,30
1549985400000,10-0018,18875507827,1,13,0755,2019,2,12,23,30
1549985400000,5-0010,18875507843,1,13,0755,2019,2,12,23,30
1549985400000,4-0008,18875507844,1,13,0755,2019,2,12,23,30
1549985400000,15-0009,18875507851,1,13,0755,2019,2,12,23,30
1549985400000,22-0000,18875507854,1,13,0755,2019,2,12,23,30
1549985400000,24-0005,18875507855,1,13,0755,2019,2,12,23,30
1549985400000,21-0006,18875507874,1,13,0755,2019,2,12,23,30
1549985400000,4-0000,18875507885,1,13,0755,2019,2,12,23,30
1549985400000,11-0011,18875507897,1,13,0755,2019,2,12,23,30
1549985400000,19-0012,18875507914,2,13,0750,2019,2,12,23,30
1549985400000,8-0006,18875507915,2,13,0758,2019,2,12,23,30
1549985400000,16-0012,18875507918,2,13,0757,2019,2,12,23,30
1549985400000,5-0015,18875507919,1,13,0755,2019,2,12,23,30
1549985400000,12-0012,18875507922,1,13,0755,2019,2,12,23,30
1549985400000,11-0016,18875507928,1,13,0755,2019,2,12,23,30
1549985400000,24-0010,18875507947,1,13,0755,2019,2,12,23,30
1549985400000,17-0006,18875507950,0,0,0,2019,2,12,23,30
1549985400000,12-0013,18875507952,1,13,0755,2019,2,12,23,30
1549985400000,18-0017,18875507953,1,13,0755,2019,2,12,23,30
1549985400000,9-0015,18875507954,1,13,0755,2019,2,12,23,30
1549985400000,7-0004,18875507955,1,13,0755,2019,2,12,23,30
1549985400000,13-0014,18875507961,1,13,0755,2019,2,12,23,30
1549985400000,17-0011,18875507985,1,13,0755,2019,2,12,23,30
1549985400000,7-0008,18875507989,1,13,0755,2019,2,12,23,30
1549985400000,10-0012,18875508001,4,0,0,2019,2,12,23,30
1549985400000,11-0017,18875508012,1,13,0755,2019,2,12,23,30
1549985400000,21-0019,18875508041,1,13,0755,2019,2,12,23,30
1549985400000,11-0017,18875508044,1,13,0755,2019,2,12,23,30
1549985400000,10-0012,18875508077,1,13,0755,2019,2,12,23,30
1549985400000,16-0002,18875508092,1,13,0755,2019,2,12,23,30
1549985400000,11-0012,18875508103,3,11,0,2019,2,12,23,30
1549985400000,11-0007,18875508111,1,13,0755,2019,2,12,23,30
1549985400000,24-0016,18875508116,2,13,0753,2019,2,12,23,30
1549985400000,8-0009,18875508127,1,13,0755,2019,2,12,23,30
1549985400000,23-0016,18875508131,1,13,0755,2019,2,12,23,30
1549985400000,14-0016,18875508140,1,13,0755,2019,2,12,23,30
1549985400000,17-0019,18875508142,1,13,0755,2019,2,12,23,30
1549985400000,14-0009,18875508145,1,13,0755,2019,2,12,23,30
1549985400000,13-0012,18875508162,1,13,0755,2019,2,12,23,30
1549985400000,19-0001,18875508175,1,13,0755,2019,2,12,23,30
1549985400000,10-0013,18875508176,1,13,0755,2019,2,12,23,30
1549985400000,14-0018,18875508192,1,13,0755,2019,2,12,23,30
1549985400000,12-0007,18875508220,1,13,0755,2019,2,12,23,30
1549985400000,20-0016,18875508250,0,0,0,2019,2,12,23,30
1549985400000,6-0002,18875508253,1,13,0755,2019,2,12,23,30
1549985400000,8-0010,18875508259,1,13,0755,2019,2,12,23,30
1549985400000,7-0007,18875508265,1,13,0755,2019,2,12,23,30
1549985400000,14-0011,18875508282,1,13,0755,2019,2,12,23,30
1549985400000,13-0015,18875508297,1,13,0755,2019,2,12,23,30
1549985400000,13-0000,18875508300,1,13,0755,2019,2,12,23,30
1549985400000,14-0002,18875508336,1,13,0755,2019,2,12,23,30
1549985400000,11-0000,18875508372,1,13,0755,2019,2,12,23,30
1549985400000,17-0001,18875508377,1,13,0755,2019,2,12,23,30
1549985400000,18-0016,18875508386,1,13,0755,2019,2,12,23,30
1549985400000,22-0008,18875508388,1,13,0755,2019,2,12,23,30
1549985400000,18-0003,18875508390,1,13,0755,2019,2,12,23,30
1549985400000,8-0004,18875508394,1,13,0755,2019,2,12,23,30
1549985400000,16-0008,18875508402,3,10,0,2019,2,12,23,30
1549985400000,16-0007,18875508409,1,13,0755,2019,2,12,23,30
1549985400000,10-0019,18875508414,2,13,0750,2019,2,12,23,30
1549985400000,23-0001,18875508440,1,13,0755,2019,2,12,23,30
1549985400000,9-0018,18875508441,1,13,0755,2019,2,12,23,30
1549985400000,14-0016,18875508443,1,13,0755,2019,2,12,23,30
1549985400000,5-0007,18875508478,1,13,0755,2019,2,12,23,30
1549985400000,5-0009,18875508486,1,13,0755,2019,2,12,23,30
1549985400000,11-0013,18875508487,1,13,0755,2019,2,12,23,30
1549985400000,16-0009,18875508491,1,13,0755,2019,2,12,23,30
1549985400000,9-0004,18875508515,2,13,0758,2019,2,12,23,30
1549985400000,24-0002,18875508516,2,13,0753,2019,2,12,23,30
1549985400000,21-0006,18875508519,1,13,0755,2019,2,12,23,30
1549985400000,12-0011,18875508531,1,13,0755,2019,2,12,23,30
1549985400000,10-0018,18875508543,1,13,0755,2019,2,12,23,30
1549985400000,23-0004,18875508578,1,13,0755,2019,2,12,23,30
1549985400000,21-0016,18875508604,3,12,0,2019,2,12,23,30
1549985400000,11-0016,18875508606,3,21,0,2019,2,12,23,30
1549985400000,22-0015,18875508609,1,13,0755,2019,2,12,23,30
1549985400000,13-0013,18875508613,2,13,020,2019,2,12,23,30
1549985400000,17-0006,18875508629,1,13,0755,2019,2,12,23,30
1549985400000,7-0009,18875508640,1,13,0755,2019,2,12,23,30
1549985400000,19-0012,18875508669,1,13,0755,2019,2,12,23,30
1549985400000,17-0012,18875508676,1,13,0755,2019,2,12,23,30
1549985400000,7-0018,18875508713,2,13,020,2019,2,12,23,30
1549985400000,17-0017,18875508714,2,13,0750,2019,2,12,23,30
1549985400000,19-0016,18875508721,1,13,0755,2019,2,12,23,30
1549985400000,5-0010,18875508731,1,13,0755,2019,2,12,23,30
1549985400000,12-0001,18875508733,1,13,0755,2019,2,12,23,30
1549985400000,5-0015,18875508751,1,13,0755,2019,2,12,23,30
1549985400000,19-0015,18875508754,1,13,0755,2019,2,12,23,30
1549985400000,4-0013,18875508784,1,13,0755,2019,2,12,23,30
1549985400000,19-0007,18875508795,1,13,0755,2019,2,12,23,30
1549985400000,20-0002,18875508801,4,0,0,2019,2,12,23,30
1549985400000,18-0011,18875508802,3,10,0,2019,2,12,23,30
1549985400000,22-0017,18875508805,3,14,0,2019,2,12,23,30
1549985400000,20-0018,18875508806,3,21,0,2019,2,12,23,30
1549985400000,6-0008,18875508811,1,13,0755,2019,2,12,23,30
1549985400000,11-0015,18875508832,1,13,0755,2019,2,12,23,30
1549985400000,12-0003,18875508843,1,13,0755,2019,2,12,23,30
1549985400000,19-0017,18875508848,1,13,0755,2019,2,12,23,30
1549985400000,9-0006,18875508853,1,13,0755,2019,2,12,23,30
1549985400000,16-0016,18875508857,1,13,0755,2019,2,12,23,30
1549985400000,15-0011,18875508869,1,13,0755,2019,2,12,23,30
1549985400000,7-0008,18875508887,1,13,0755,2019,2,12,23,30
1549985400000,4-0003,18875508888,1,13,0755,2019,2,12,23,30
1549985400000,10-0014,18875508899,1,13,0755,2019,2,12,23,30
1549985400000,12-0006,18875508906,3,21,0,2019,2,12,23,30
1549985400000,20-0007,18875508922,1,13,0755,2019,2,12,23,30
1549985400000,18-0005,18875508933,1,13,0755,2019,2,12,23,30
1549985400000,16-0016,18875508939,1,13,0755,2019,2,12,23,30
1549985400000,15-0019,18875508941,1,13,0755,2019,2,12,23,30
1549985400000,22-0019,18875508959,1,13,0755,2019,2,12,23,30
1549985400000,5-0018,18875508964,1,13,0755,2019,2,12,23,30
1549985400000,5-0018,18875508968,1,13,0755,2019,2,12,23,30
1549985400000,5-0014,18875508977,1,13,0755,2019,2,12,23,30
1549985400000,4-0009,18875508979,1,13,0755,2019,2,12,23,30
1549985400000,16-0008,18875508998,1,13,0755,2019,2,12,23,30
1549985400000,10-0001,18875508999,1,13,0755,2019,2,12,23,30
1549985400000,4-0002,18875509000,1,13,0755,2019,2,12,23,30
1549985400000,11-0017,18875509011,1,13,0755,2019,2,12,23,30
1549985400000,19-0012,18875509029,1,13,0755,2019,2,12,23,30
1549985400000,13-0017,18875509030,1,13,0755,2019,2,12,23,30
1549985400000,6-0016,18875509043,1,13,0755,2019,2,12,23,30
1549985400000,6-0012,18875509049,1,13,0755,2019,2,12,23,30
1549985400000,12-0018,18875509064,1,13,0755,2019,2,12,23,30
1549985400000,5-0009,18875509107,3,22,0,2019,2,12,23,30
1549985400000,8-0010,18875509143,1,13,0755,2019,2,12,23,30
1549985400000,15-0007,18875509152,1,13,0755,2019,2,12,23,30
1549985400000,24-0001,18875509153,1,13,0755,2019,2,12,23,30
1549985400000,6-0000,18875509160,1,13,0755,2019,2,12,23,30
1549985400000,19-0013,18875509176,1,13,0755,2019,2,12,23,30
1549985400000,5-0012,18875509191,1,13,0755,2019,2,12,23,30
1549985400000,16-0004,18875509195,1,13,0755,2019,2,12,23,30
1549985400000,13-0009,18875509199,1,13,0755,2019,2,12,23,30
1549985400000,19-0003,18875509203,3,11,0,2019,2,12,23,30
1549985400000,18-0012,18875509210,1,13,0755,2019,2,12,23,30
1549985400000,7-0017,18875509216,2,13,0753,2019,2,12,23,30
1549985400000,15-0015,18875509222,1,13,0755,2019,2,12,23,30
1549985400000,17-0004,18875509224,1,13,0755,2019,2,12,23,30
1549985400000,20-0016,18875509228,1,13,0755,2019,2,12,23,30
1549985400000,8-0001,18875509242,1,13,0755,2019,2,12,23,30
1549985400000,6-0009,18875509285,1,13,0755,2019,2,12,23,30
1549985400000,21-0007,18875509290,1,13,0755,2019,2,12,23,30
1549985400000,5-0003,18875509300,1,13,0755,2019,2,12,23,30
1549985400000,10-0005,18875509301,4,0,0,2019,2,12,23,30
1549985400000,24-0015,18875509304,3,12,0,2019,2,12,23,30
1549985400000,16-0018,18875509313,2,13,020,2019,2,12,23,30
1549985400000,14-0000,18875509320,1,13,0755,2019,2,12,23,30
1549985400000,24-0016,18875509348,1,13,0755,2019,2,12,23,30
1549985400000,22-0002,18875509374,1,13,0755,2019,2,12,23,30
1549985400000,16-0009,18875509389,1,13,0755,2019,2,12,23,30
1549985400000,7-0002,18875509391,1,13,0755,2019,2,12,23,30
1549985400000,9-0009,18875509400,1,13,0755,2019,2,12,23,30
1549985400000,9-0000,18875509413,2,13,020,2019,2,12,23,30
1549985400000,15-0008,18875509418,2,13,0757,2019,2,12,23,30
1549985400000,4-0004,18875509432,1,13,0755,2019,2,12,23,30
1549985400000,9-0000,18875509439,1,13,0755,2019,2,12,23,30
1549985400000,9-0004,18875509459,1,13,0755,2019,2,12,23,30
1549985400000,16-0009,18875509477,1,13,0755,2019,2,12,23,30
1549985400000,23-0000,18875509479,1,13,0755,2019,2,12,23,30
1549985400000,8-0003,18875509490,1,13,0755,2019,2,12,23,30
1549985400000,22-0010,18875509495,1,13,0755,2019,2,12,23,30
1549985400000,8-0002,18875509517,2,13,0752,2019,2,12,23,30
1549985400000,6-0012,18875509533,1,13,0755,2019,2,12,23,30
1549985400000,5-0016,18875509560,1,13,0755,2019,2,12,23,30
1549985400000,14-0008,18875509566,1,13,0755,2019,2,12,23,30
1549985400000,6-0015,18875509569,1,13,0755,2019,2,12,23,30
1549985400000,15-0007,18875509579,1,13,0755,2019,2,12,23,30
1549985400000,18-0012,18875509596,1,13,0755,2019,2,12,23,30
1549985400000,18-0017,18875509606,3,21,0,2019,2,12,23,30
1549985400000,19-0012,18875509611,1,13,0755,2019,2,12,23,30
1549985400000,11-0011,18875509623,1,13,0755,2019,2,12,23,30
1549985400000,23-0019,18875509634,1,13,0755,2019,2,12,23,30
1549985400000,19-0012,18875509653,1,13,0755,2019,2,12,23,30
1549985400000,24-0000,18875509655,1,13,0755,2019,2,12,23,30
1549985400000,15-0012,18875509657,1,13,0755,2019,2,12,23,30
1549985400000,22-0006,18875509665,1,13,0755,2019,2,12,23,30
1549985400000,10-0008,18875509669,1,13,0755,2019,2,12,23,30
1549985400000,10-0008,18875509676,1,13,0755,2019,2,12,23,30
1549985400000,23-0008,18875509677,1,13,0755,2019,2,12,23,30
1549985400000,7-0010,18875509689,1,13,0755,2019,2,12,23,30
1549985400000,24-0011,18875509700,1,13,0755,2019,2,12,23,30
1549985400000,20-0012,18875509710,1,13,0755,2019,2,12,23,30
1549985400000,19-0018,18875509717,2,13,0752,2019,2,12,23,30
1549985400000,21-0014,18875509722,1,13,0755,2019,2,12,23,30
1549985400000,8-0000,18875509743,1,13,0755,2019,2,12,23,30
1549985400000,19-0008,18875509747,1,13,0755,2019,2,12,23,30
1549985400000,21-0017,18875509751,1,13,0755,2019,2,12,23,30
1549985400000,14-0015,18875509752,1,13,0755,2019,2,12,23,30
1549985400000,7-0013,18875509770,1,13,0755,2019,2,12,23,30
1549985400000,19-0010,18875509785,1,13,0755,2019,2,12,23,30
1549985400000,16-0006,18875509797,1,13,0755,2019,2,12,23,30
1549985400000,4-0002,18875509802,3,10,0,2019,2,12,23,30
1549985400000,5-0006,18875509807,3,22,0,2019,2,12,23,30
1549985400000,21-0014,18875509840,1,13,0755,2019,2,12,23,30
1549985400000,15-0003,18875509841,1,13,0755,2019,2,12,23,30
1549985400000,13-0014,18875509845,1,13,0755,2019,2,12,23,30
1549985400000,5-0005,18875509848,1,13,0755,2019,2,12,23,30
1549985400000,10-0010,18875509852,1,13,0755,2019,2,12,23,30
1549985400000,21-0002,18875509853,1,13,0755,2019,2,12,23,30
1549985400000,21-0005,18875509857,1,13,0755,2019,2,12,23,30
1549985400000,16-0012,18875509860,1,13,0755,2019,2,12,23,30
1549985400000,18-0006,18875509874,1,13,0755,2019,2,12,23,30
1549985400000,14-0013,18875509880,1,13,0755,2019,2,12,23,30
1549985400000,23-0016,18875509882,1,13,0755,2019,2,12,23,30
1549985400000,17-0006,18875509900,1,13,0755,2019,2,12,23,30
1549985400000,23-0009,18875509911,1,13,0755,2019,2,12,23,30
1549985400000,14-0014,18875509917,2,13,0752,2019,2,12,23,30
1549985400000,4-0016,18875509921,1,13,0755,2019,2,12,23,30
1549985400000,21-0006,18875509923,1,13,0755,2019,2,12,23,30
1549985400000,15-0001,18875509939,1,13,0755,2019,2,12,23,30
1549985400000,10-0006,18875509964,1,13,0755,2019,2,12,23,30
1549985400000,14-0017,18875509969,1,13,0755,2019,2,12,23,30
