1549989900000,23-0008,18875500032,1,13,0755,2019,2,13,0,45
1549989900000,7-0001,18875500061,1,13,0755,2019,2,13,0,45
1549989900000,13-0014,18875500084,1,13,0755,2019,2,13,0,45
1549989900000,6-0008,18875500086,1,13,0755,2019,2,13,0,45
1549989900000,13-0008,18875500139,1,13,0755,2019,2,13,0,45
1549989900000,15-0006,18875500190,1,13,0755,2019,2,13,0,45
1549989900000,14-0017,18875500280,1,13,0755,2019,2,13,0,45
1549989900000,23-0005,18875500313,2,13,020,2019,2,13,0,45
1549989900000,14-0000,18875500336,1,13,0755,2019,2,13,0,45
1549989900000,21-0003,18875500363,1,13,0755,2019,2,13,0,45
1549989900000,10-0008,18875500375,1,13,0755,2019,2,13,0,45
1549989900000,13-0010,18875500389,1,13,0755,2019,2,13,0,45
1549989900000,21-0014,18875500418,2,13,0757,2019,2,13,0,45
1549989900000,13-0011,18875500506,3,21,0,2019,2,13,0,45
1549989900000,8-0008,18875500520,1,13,0755,2019,2,13,0,45
1549989900000,17-0017,18875500609,1,13,0755,2019,2,13,0,45
1549989900000,19-0010,18875500645,1,13,0755,2019,2,13,0,45
1549989900000,24-0011,18875500653,1,13,0755,2019,2,13,0,45
1549989900000,15-0001,18875500719,1,13,0755,2019,2,13,0,45
1549989900000,21-0006,18875500756,1,13,0755,2019,2,13,0,45
1549989900000,24-0002,18875500757,1,13,0755,2019,2,13,0,45
1549989900000,7-0011,18875500759,1,13,0755,2019,2,13,0,45
1549989900000,21-0014,18875500763,1,13,0755,2019,2,13,0,45
1549989900000,12-0009,18875500764,1,13,0755,2019,2,13,0,45
1549989900000,7-0004,18875500777,1,13,0755,2019,2,13,0,45
1549989900000,14-0003,18875500814,2,13,0750,2019,2,13,0,45
1549989900000,13-0011,18875500855,1,13,0755,2019,2,13,0,45
1549989900000,9-0019,18875500860,1,13,0755,2019,2,13,0,45
1549989900000,5-0019,18875500878,1,13,0755,2019,2,13,0,45
1549989900000,7-0017,18875500892,1,13,0755,2019,2,13,0,45
1549989900000,14-0004,18875500976,1,13,0755,2019,2,13,0,45
1549989900000,5-0018,18875501016,2,13,0753,2019,2,13,0,45
1549989900000,24-0015,18875501029,1,13,0755,2019,2,13,0,45
1549989900000,6-0012,18875501032,1,13,0755,2019,2,13,0,45
1549989900000,22-0014,18875501083,1,13,0755,2019,2,13,0,45
1549989900000,15-0014,18875501103,3,11,0,2019,2,13,0,45
1549989900000,21-0005,18875501121,1,13,0755,2019,2,13,0,45
1549989900000,11-0007,18875501123,1,13,0755,2019,2,13,0,45
1549989900000,8-0019,18875501146,1,13,0755,2019,2,13,0,45
1549989900000,15-0000,18875501199,1,13,0755,2019,2,13,0,45
1549989900000,21-0013,18875501234,1,13,0755,2019,2,13,0,45
1549989900000,4-0009,18875501278,1,13,0755,2019,2,13,0,45
1549989900000,24-0007,18875501337,1,13,0755,2019,2,13,0,45
1549989900000,15-0011,18875501370,1,13,0755,2019,2,13,0,45
1549989900000,19-0011,18875501386,1,13,0755,2019,2,13,0,45
1549989900000,7-0011,18875501439,1,13,0755,2019,2,13,0,45
1549989900000,24-0016,18875501478,1,13,0755,2019,2,13,0,45
1549989900000,16-0003,18875501525,1,13,0755,2019,2,13,0,45
1549989900000,10-0004,18875501528,1,13,0755,2019,2,13,0,45
1549989900000,19-0011,18875501548,1,13,0755,2019,2,13,0,45
1549989900000,24-0001,18875501562,1,13,0755,2019,2,13,0,45
1549989900000,20-0010,18875501569,1,13,0755,2019,2,13,0,45
1549989900000,6-0009,18875501580,1,13,0755,2019,2,13,0,45
1549989900000,17-0015,18875501601,4,0,0,2019,2,13,0,45
1549989900000,8-0000,18875501607,3,22,0,2019,2,13,0,45
1549989900000,6-0002,18875501640,1,13,0755,2019,2,13,0,45
1549989900000,24-0004,18875501659,1,13,0755,2019,2,13,0,45
1549989900000,4-0004,18875501690,1,13,0755,2019,2,13,0,45
1549989900000,18-0001,18875501773,1,13,0755,2019,2,13,0,45
1549989900000,9-0000,18875501784,1,13,0755,2019,2,13,0,45
1549989900000,14-0008,18875501792,1,13,0755,2019,2,13,0,45
1549989900000,12-0019,18875501812,1,13,0755,2019,2,13,0,45
1549989900000,7-0007,18875501820,1,13,0755,2019,2,13,0,45
1549989900000,19-0016,18875501821,1,13,0755,2019,2,13,0,45
1549989900000,4-0009,18875501838,1,13,0755,2019,2,13,0,45
1549989900000,8-0000,18875501874,1,13,0755,2019,2,13,0,45
1549989900000,18-0012,18875501897,1,13,0755,2019,2,13,0,45
1549989900000,23-0015,18875501914,2,13,0750,2019,2,13,0,45
1549989900000,24-0012,18875501917,2,13,0752,2019,2,13,0,45
1549989900000,13-0008,18875501919,1,13,0755,2019,2,13,0,45
1549989900000,21-0005,18875501927,1,13,0755,2019,2,13,0,45
1549989900000,15-0000,18875501954,1,13,0755,2019,2,13,0,45
1549989900000,7-0000,18875502008,3,24,0,2019,2,13,0,45
1549989900000,12-0012,18875502014,2,13,0750,2019,2,13,0,45
1549989900000,22-0016,18875502031,1,13,0755,2019,2,13,0,45
1549989900000,19-0012,18875502049,1,13,0755,2019,2,13,0,45
1549989900000,5-0007,18875502083,1,13,0755,2019,2,13,0,45
1549989900000,19-0012,18875502115,2,13,0758,2019,2,13,0,45
1549989900000,19-0014,18875502126,1,13,0755,2019,2,13,0,45
1549989900000,24-0000,18875502171,1,13,0755,2019,2,13,0,45
1549989900000,9-0002,18875502212,1,13,0755,2019,2,13,0,45
1549989900000,21-0002,18875502223,1,13,0755,2019,2,13,0,45
1549989900000,8-0003,18875502251,1,13,0755,2019,2,13,0,45
1549989900000,16-0014,18875502253,1,13,0755,2019,2,13,0,45
1549989900000,19-0010,18875502264,1,13,0755,2019,2,13,0,45
1549989900000,16-0018,18875502284,1,13,0755,2019,2,13,0,45
1549989900000,23-0018,18875502289,1,13,0755,2019,2,13,0,45
1549989900000,13-0012,18875502296,1,13,0755,2019,2,13,0,45
1549989900000,22-0013,18875502300,1,13,0755,2019,2,13,0,45
1549989900000,12-0016,18875502314,2,13,0750,2019,2,13,0,45
1549989900000,21-0004,18875502325,1,13,0755,2019,2,13,0,45
1549989900000,5-0001,18875502366,1,13,0755,2019,2,13,0,45
1549989900000,21-0013,18875502384,1,13,0755,2019,2,13,0,45
1549989900000,16-0015,18875502413,2,13,020,2019,2,13,0,45
1549989900000,20-0012,18875502441,1,13,0755,2019,2,13,0,45
1549989900000,9-0011,18875502492,1,13,0755,2019,2,13,0,45
1549989900000,7-0005,18875502502,3,10,0,2019,2,13,0,45
1549989900000,14-0000,18875502595,1,13,0755,2019,2,13,0,45
1549989900000,12-0018,18875502626,1,13,0755,2019,2,13,0,45
1549989900000,16-0006,18875502679,1,13,0755,2019,2,13,0,45
1549989900000,11-0007,18875502680,1,13,0755,2019,2,13,0,45
1549989900000,24-0015,18875502685,1,13,0755,2019,2,13,0,45
1549989900000,17-0014,18875502694,1,13,0755,2019,2,13,0,45
1549989900000,6-0015,18875502719,1,13,0755,2019,2,13,0,45
1549989900000,21-0019,18875502807,3,22,0,2019,2,13,0,45
1549989900000,7-0013,18875502855,1,13,0755,2019,2,13,0,45
1549989900000,16-0009,18875502875,1,13,0755,2019,2,13,0,45
1549989900000,15-0017,18875502883,1,13,0755,2019,2,13,0,45
1549989900000,17-0001,18875502886,1,13,0755,2019,2,13,0,45
1549989900000,18-0005,18875502914,2,13,0750,2019,2,13,0,45
1549989900000,9-0017,18875502916,2,13,0753,2019,2,13,0,45
1549989900000,6-0006,18875502962,1,13,0755,2019,2,13,0,45
1549989900000,6-0017,18875502996,1,13,0755,2019,2,13,0,45
1549989900000,22-0000,18875503032,1,13,0755,2019,2,13,0,45
1549989900000,16-0005,18875503043,1,13,0755,2019,2,13,0,45
1549989900000,7-0014,18875503050,0,0,0,2019,2,13,0,45
1549989900000,22-0013,18875503094,1,13,0755,2019,2,13,0,45
1549989900000,24-0005,18875503114,2,13,0750,2019,2,13,0,45
1549989900000,23-0019,18875503116,2,13,0753,2019,2,13,0,45
1549989900000,19-0019,18875503123,1,13,0755,2019,2,13,0,45
1549989900000,15-0003,18875503144,1,13,0755,2019,2,13,0,45
1549989900000,21-0010,18875503166,1,13,0755,2019,2,13,0,45
1549989900000,16-0005,18875503171,1,13,0755,2019,2,13,0,45
1549989900000,6-0011,18875503197,1,13,0755,2019,2,13,0,45
1549989900000,8-0000,18875503276,1,13,0755,2019,2,13,0,45
1549989900000,16-0014,18875503291,1,13,0755,2019,2,13,0,45
1549989900000,19-0017,18875503295,1,13,0755,2019,2,13,0,45
1549989900000,22-0014,18875503349,1,13,0755,2019,2,13,0,45
1549989900000,21-0001,18875503373,1,13,0755,2019,2,13,0,45
1549989900000,24-0014,18875503395,1,13,0755,2019,2,13,0,45
1549989900000,23-0014,18875503475,1,13,0755,2019,2,13,0,45
1549989900000,20-0019,18875503508,3,24,0,2019,2,13,0,45
1549989900000,4-0010,18875503533,1,13,0755,2019,2,13,0,45
1549989900000,11-0013,18875503549,1,13,0755,2019,2,13,0,45
1549989900000,16-0006,18875503600,1,13,0755,2019,2,13,0,45
1549989900000,5-0002,18875503602,3,10,0,2019,2,13,0,45
1549989900000,16-0005,18875503605,3,14,0,2019,2,13,0,45
1549989900000,22-0007,18875503620,1,13,0755,2019,2,13,0,45
1549989900000,7-0005,18875503635,1,13,0755,2019,2,13,0,45
1549989900000,9-0015,18875503669,1,13,0755,2019,2,13,0,45
1549989900000,10-0019,18875503672,1,13,0755,2019,2,13,0,45
1549989900000,13-0000,18875503690,1,13,0755,2019,2,13,0,45
1549989900000,7-0006,18875503706,3,21,0,2019,2,13,0,45
1549989900000,12-0010,18875503714,2,13,0750,2019,2,13,0,45
1549989900000,19-0000,18875503723,1,13,0755,2019,2,13,0,45
1549989900000,10-0008,18875503731,1,13,0755,2019,2,13,0,45
1549989900000,13-0009,18875503749,1,13,0755,2019,2,13,0,45
1549989900000,4-0016,18875503847,1,13,0755,2019,2,13,0,45
1549989900000,5-0001,18875503851,1,13,0755,2019,2,13,0,45
1549989900000,5-0007,18875503853,1,13,0755,2019,2,13,0,45
1549989900000,24-0012,18875503871,1,13,0755,2019,2,13,0,45
1549989900000,24-0004,18875503898,1,13,0755,2019,2,13,0,45
1549989900000,18-0008,18875503921,1,13,0755,2019,2,13,0,45
1549989900000,16-0000,18875503926,1,13,0755,2019,2,13,0,45
1549989900000,13-0003,18875503932,1,13,0755,2019,2,13,0,45
1549989900000,5-0016,18875503937,1,13,0755,2019,2,13,0,45
1549989900000,14-0004,18875503950,0,0,0,2019,2,13,0,45
1549989900000,12-0014,18875503954,1,13,0755,2019,2,13,0,45
1549989900000,21-0002,18875503969,1,13,0755,2019,2,13,0,45
1549989900000,21-0015,18875504017,2,13,0752,2019,2,13,0,45
1549989900000,17-0004,18875504026,1,13,0755,2019,2,13,0,45
1549989900000,18-0014,18875504103,3,11,0,2019,2,13,0,45
1549989900000,19-0016,18875504108,3,24,0,2019,2,13,0,45
1549989900000,7-0016,18875504109,1,13,0755,2019,2,13,0,45
1549989900000,20-0017,18875504114,2,13,0750,2019,2,13,0,45
1549989900000,14-0009,18875504136,1,13,0755,2019,2,13,0,45
1549989900000,15-0003,18875504160,1,13,0755,2019,2,13,0,45
1549989900000,6-0019,18875504182,1,13,0755,2019,2,13,0,45
1549989900000,24-0006,18875504218,2,13,0757,2019,2,13,0,45
1549989900000,16-0015,18875504220,1,13,0755,2019,2,13,0,45
1549989900000,15-0009,18875504299,1,13,0755,2019,2,13,0,45
1549989900000,12-0005,18875504302,3,10,0,2019,2,13,0,45
1549989900000,24-0010,18875504303,3,11,0,2019,2,13,0,45
1549989900000,20-0019,18875504314,2,13,0750,2019,2,13,0,45
1549989900000,21-0016,18875504339,1,13,0755,2019,2,13,0,45
1549989900000,7-0005,18875504350,0,0,0,2019,2,13,0,45
1549989900000,15-0017,18875504351,1,13,0755,2019,2,13,0,45
1549989900000,11-0000,18875504353,1,13,0755,2019,2,13,0,45
1549989900000,6-0008,18875504395,1,13,0755,2019,2,13,0,45
1549989900000,11-0016,18875504447,1,13,0755,2019,2,13,0,45
1549989900000,11-0010,18875504448,1,13,0755,2019,2,13,0,45
1549989900000,7-0011,18875504520,1,13,0755,2019,2,13,0,45
1549989900000,14-0002,18875504553,1,13,0755,2019,2,13,0,45
1549989900000,7-0016,18875504627,1,13,0755,2019,2,13,0,45
1549989900000,9-0004,18875504641,1,13,0755,2019,2,13,0,45
1549989900000,17-0005,18875504644,1,13,0755,2019,2,13,0,45
1549989900000,16-0009,18875504666,1,13,0755,2019,2,13,0,45
1549989900000,15-0012,18875504687,1,13,0755,2019,2,13,0,45
1549989900000,18-0000,18875504730,1,13,0755,2019,2,13,0,45
1549989900000,7-0012,18875504746,1,13,0755,2019,2,13,0,45
1549989900000,6-0018,18875504819,1,13,0755,2019,2,13,0,45
1549989900000,8-0011,18875504840,1,13,0755,2019,2,13,0,45
1549989900000,8-0008,18875504880,1,13,0755,2019,2,13,0,45
1549989900000,18-0009,18875504905,3,14,0,2019,2,13,0,45
1549989900000,16-0012,18875504906,3,21,0,2019,2,13,0,45
1549989900000,4-0004,18875504924,1,13,0755,2019,2,13,0,45
1549989900000,24-0004,18875504927,1,13,0755,2019,2,13,0,45
1549989900000,4-0002,18875504988,1,13,0755,2019,2,13,0,45
1549989900000,5-0009,18875505016,2,13,0753,2019,2,13,0,45
1549989900000,17-0013,18875505020,1,13,0755,2019,2,13,0,45
1549989900000,10-0007,18875505079,1,13,0755,2019,2,13,0,45
1549989900000,4-0007,18875505083,1,13,0755,2019,2,13,0,45
1549989900000,19-0004,18875505096,1,13,0755,2019,2,13,0,45
1549989900000,15-0012,18875505145,1,13,0755,2019,2,13,0,45
1549989900000,13-0016,18875505150,0,0,0,2019,2,13,0,45
1549989900000,7-0017,18875505151,1,13,0755,2019,2,13,0,45
1549989900000,21-0015,18875505174,1,13,0755,2019,2,13,0,45
1549989900000,6-0005,18875505180,1,13,0755,2019,2,13,0,45
1549989900000,24-0015,18875505218,2,13,0757,2019,2,13,0,45
1549989900000,9-0011,18875505225,1,13,0755,2019,2,13,0,45
1549989900000,4-0011,18875505297,1,13,0755,2019,2,13,0,45
1549989900000,24-0012,18875505319,1,13,0755,2019,2,13,0,45
1549989900000,6-0004,18875505330,1,13,0755,2019,2,13,0,45
1549989900000,10-0018,18875505354,1,13,0755,2019,2,13,0,45
1549989900000,19-0019,18875505355,1,13,0755,2019,2,13,0,45
1549989900000,20-0011,18875505406,3,21,0,2019,2,13,0,45
1549989900000,18-0011,18875505423,1,13,0755,2019,2,13,0,45
1549989900000,7-0002,18875505461,1,13,0755,2019,2,13,0,45
1549989900000,14-0019,18875505539,1,13,0755,2019,2,13,0,45
1549989900000,14-0007,18875505551,1,13,0755,2019,2,13,0,45
1549989900000,19-0004,18875505555,1,13,0755,2019,2,13,0,45
1549989900000,23-0018,18875505564,1,13,0755,2019,2,13,0,45
1549989900000,22-0019,18875505602,3,10,0,2019,2,13,0,45
1549989900000,17-0000,18875505653,1,13,0755,2019,2,13,0,45
1549989900000,7-0010,18875505667,1,13,0755,2019,2,13,0,45
1549989900000,20-0017,18875505674,1,13,0755,2019,2,13,0,45
1549989900000,23-0009,18875505694,1,13,0755,2019,2,13,0,45
1549989900000,16-0013,18875505721,1,13,0755,2019,2,13,0,45
1549989900000,11-0014,18875505724,1,13,0755,2019,2,13,0,45
1549989900000,13-0013,18875505726,1,13,0755,2019,2,13,0,45
1549989900000,20-0017,18875505754,1,13,0755,2019,2,13,0,45
1549989900000,14-0013,18875505767,1,13,0755,2019,2,13,0,45
1549989900000,15-0012,18875505768,1,13,0755,2019,2,13,0,45
1549989900000,20-0006,18875505778,1,13,0755,2019,2,13,0,45
1549989900000,22-0004,18875505784,1,13,0755,2019,2,13,0,45
1549989900000,7-0012,18875505789,1,13,0755,2019,2,13,0,45
1549989900000,23-0015,18875505834,1,13,0755,2019,2,13,0,45
1549989900000,23-0006,18875505860,1,13,0755,2019,2,13,0,45
1549989900000,21-0005,18875505897,1,13,0755,2019,2,13,0,45
1549989900000,4-0002,18875505915,2,13,0758,2019,2,13,0,45
1549989900000,13-0017,18875505936,1,13,0755,2019,2,13,0,45
1549989900000,4-0001,18875506004,3,12,0,2019,2,13,0,45
1549989900000,17-0000,18875506009,1,13,0755,2019,2,13,0,45
1549989900000,24-0016,18875506020,1,13,0755,2019,2,13,0,45
1549989900000,14-0003,18875506036,1,13,0755,2019,2,13,0,45
1549989900000,5-0011,18875506064,1,13,0755,2019,2,13,0,45
1549989900000,12-0019,18875506073,1,13,0755,2019,2,13,0,45
1549989900000,10-0018,18875506086,1,13,0755,2019,2,13,0,45
1549989900000,4-0012,18875506124,1,13,0755,2019,2,13,0,45
1549989900000,15-0005,18875506139,1,13,0755,2019,2,13,0,45
1549989900000,4-0014,18875506183,1,13,0755,2019,2,13,0,45
1549989900000,15-0003,18875506192,1,13,0755,2019,2,13,0,45
1549989900000,22-0006,18875506195,1,13,0755,2019,2,13,0,45
1549989900000,15-0005,18875506217,2,13,0752,2019,2,13,0,45
1549989900000,18-0007,18875506263,1,13,0755,2019,2,13,0,45
1549989900000,13-0013,18875506269,1,13,0755,2019,2,13,0,45
1549989900000,10-0011,18875506316,2,13,0753,2019,2,13,0,45
1549989900000,12-0007,18875506331,1,13,0755,2019,2,13,0,45
1549989900000,6-0004,18875506336,1,13,0755,2019,2,13,0,45
1549989900000,17-0000,18875506349,1,13,0755,2019,2,13,0,45
1549989900000,18-0004,18875506351,1,13,0755,2019,2,13,0,45
1549989900000,14-0005,18875506357,1,13,0755,2019,2,13,0,45
1549989900000,16-0006,18875506382,1,13,0755,2019,2,13,0,45
1549989900000,7-0004,18875506423,1,13,0755,2019,2,13,0,45
1549989900000,23-0019,18875506435,1,13,0755,2019,2,13,0,45
1549989900000,16-0004,18875506445,1,13,0755,2019,2,13,0,45
1549989900000,14-0002,18875506451,1,13,0755,2019,2,13,0,45
1549989900000,12-0000,18875506491,1,13,0755,2019,2,13,0,45
1549989900000,13-0006,18875506501,4,0,0,2019,2,13,0,45
1549989900000,17-0007,18875506582,1,13,0755,2019,2,13,0,45
1549989900000,8-0007,18875506603,3,11,0,2019,2,13,0,45
1549989900000,18-0015,18875506620,1,13,0755,2019,2,13,0,45
1549989900000,4-0003,18875506641,1,13,0755,2019,2,13,0,45
1549989900000,17-0007,18875506658,1,13,0755,2019,2,13,0,45
1549989900000,19-0004,18875506660,1,13,0755,2019,2,13,0,45
1549989900000,19-0019,18875506664,1,13,0755,2019,2,13,0,45
1549989900000,8-0011,18875506668,1,13,0755,2019,2,13,0,45
1549989900000,12-0007,18875506696,1,13,0755,2019,2,13,0,45
1549989900000,20-0015,18875506769,1,13,0755,2019,2,13,0,45
1549989900000,12-0007,18875506778,1,13,0755,2019,2,13,0,45
1549989900000,22-0001,18875506812,1,13,0755,2019,2,13,0,45
1549989900000,24-0018,18875506934,1,13,0755,2019,2,13,0,45
1549989900000,16-0016,18875506950,0,0,0,2019,2,13,0,45
1549989900000,20-0005,18875507034,1,13,0755,2019,2,13,0,45
1549989900000,17-0018,18875507040,1,13,0755,2019,2,13,0,45
1549989900000,15-0003,18875507081,1,13,0755,2019,2,13,0,45
1549989900000,17-0006,18875507089,1,13,0755,2019,2,13,0,45
1549989900000,14-0019,18875507137,1,13,0755,2019,2,13,0,45
1549989900000,14-0001,18875507149,1,13,0755,2019,2,13,0,45
1549989900000,23-0010,18875507174,1,13,0755,2019,2,13,0,45
1549989900000,4-0000,18875507209,1,13,0755,2019,2,13,0,45
1549989900000,17-0015,18875507268,1,13,0755,2019,2,13,0,45
1549989900000,21-0007,18875507269,1,13,0755,2019,2,13,0,45
1549989900000,16-0005,18875507330,1,13,0755,2019,2,13,0,45
1549989900000,5-0006,18875507345,1,13,0755,2019,2,13,0,45
1549989900000,6-0015,18875507357,1,13,0755,2019,2,13,0,45
1549989900000,19-0003,18875507406,3,21,0,2019,2,13,0,45
1549989900000,9-0001,18875507411,1,13,0755,2019,2,13,0,45
1549989900000,10-0005,18875507413,2,13,020,2019,2,13,0,45
1549989900000,18-0004,18875507418,2,13,0757,2019,2,13,0,45
1549989900000,23-0016,18875507422,1,13,0755,2019,2,13,0,45
1549989900000,5-0014,18875507428,1,13,0755,2019,2,13,0,45
1549989900000,19-0001,18875507436,1,13,0755,2019,2,13,0,45
1549989900000,17-0007,18875507445,1,13,0755,2019,2,13,0,45
1549989900000,19-0001,18875507446,1,13,0755,2019,2,13,0,45
1549989900000,18-0008,18875507461,1,13,0755,2019,2,13,0,45
1549989900000,9-0004,18875507477,1,13,0755,2019,2,13,0,45
1549989900000,16-0005,18875507491,1,13,0755,2019,2,13,0,45
1549989900000,12-0008,18875507507,3,22,0,2019,2,13,0,45
1549989900000,18-0017,18875507541,1,13,0755,2019,2,13,0,45
1549989900000,21-0000,18875507548,1,13,0755,2019,2,13,0,45
1549989900000,16-0009,18875507571,1,13,0755,2019,2,13,0,45
1549989900000,6-0002,18875507580,1,13,0755,2019,2,13,0,45
1549989900000,19-0002,18875507629,1,13,0755,2019,2,13,0,45
1549989900000,17-0013,18875507646,1,13,0755,2019,2,13,0,45
1549989900000,16-0019,18875507648,1,13,0755,2019,2,13,0,45
1549989900000,4-0009,18875507672,1,13,0755,2019,2,13,0,45
1549989900000,21-0013,18875507675,1,13,0755,2019,2,13,0,45
1549989900000,12-0013,18875507686,1,13,0755,2019,2,13,0,45
1549989900000,4-0001,18875507953,1,13,0755,2019,2,13,0,45
1549989900000,10-0002,18875507980,1,13,0755,2019,2,13,0,45
1549989900000,24-0004,18875508031,1,13,0755,2019,2,13,0,45
1549989900000,24-0017,18875508041,1,13,0755,2019,2,13,0,45
1549989900000,13-0007,18875508058,1,13,0755,2019,2,13,0,45
1549989900000,19-0005,18875508102,3,10,0,2019,2,13,0,45
1549989900000,19-0009,18875508109,1,13,0755,2019,2,13,0,45
1549989900000,13-0001,18875508145,1,13,0755,2019,2,13,0,45
1549989900000,18-0013,18875508186,1,13,0755,2019,2,13,0,45
1549989900000,14-0004,18875508193,1,13,0755,2019,2,13,0,45
1549989900000,16-0002,18875508214,2,13,0750,2019,2,13,0,45
1549989900000,23-0014,18875508266,1,13,0755,2019,2,13,0,45
1549989900000,14-0018,18875508274,1,13,0755,2019,2,13,0,45
1549989900000,22-0006,18875508329,1,13,0755,2019,2,13,0,45
1549989900000,9-0019,18875508479,1,13,0755,2019,2,13,0,45
1549989900000,6-0011,18875508487,1,13,0755,2019,2,13,0,45
1549989900000,22-0014,18875508509,1,13,0755,2019,2,13,0,45
1549989900000,6-0004,18875508522,1,13,0755,2019,2,13,0,45
1549989900000,23-0012,18875508535,1,13,0755,2019,2,13,0,45
1549989900000,16-0019,18875508583,1,13,0755,2019,2,13,0,45
1549989900000,23-0001,18875508602,3,10,0,2019,2,13,0,45
1549989900000,18-0003,18875508686,1,13,0755,2019,2,13,0,45
1549989900000,6-0005,18875508696,1,13,0755,2019,2,13,0,45
1549989900000,15-0011,18875508715,2,13,0758,2019,2,13,0,45
1549989900000,7-0013,18875508734,1,13,0755,2019,2,13,0,45
1549989900000,4-0018,18875508741,1,13,0755,2019,2,13,0,45
1549989900000,8-0006,18875508779,1,13,0755,2019,2,13,0,45
1549989900000,21-0007,18875508821,1,13,0755,2019,2,13,0,45
1549989900000,18-0014,18875508833,1,13,0755,2019,2,13,0,45
1549989900000,16-0015,18875508896,1,13,0755,2019,2,13,0,45
1549989900000,11-0002,18875508898,1,13,0755,2019,2,13,0,45
1549989900000,5-0004,18875508909,1,13,0755,2019,2,13,0,45
1549989900000,10-0003,18875508920,1,13,0755,2019,2,13,0,45
1549989900000,4-0012,18875508929,1,13,0755,2019,2,13,0,45
1549989900000,15-0017,18875508943,1,13,0755,2019,2,13,0,45
1549989900000,10-0011,18875508946,1,13,0755,2019,2,13,0,45
1549989900000,18-0010,18875508994,1,13,0755,2019,2,13,0,45
1549989900000,14-0001,18875508999,1,13,0755,2019,2,13,0,45
1549989900000,21-0017,18875509005,3,14,0,2019,2,13,0,45
1549989900000,8-0002,18875509071,1,13,0755,2019,2,13,0,45
1549989900000,16-0000,18875509080,1,13,0755,2019,2,13,0,45
1549989900000,18-0014,18875509139,1,13,0755,2019,2,13,0,45
1549989900000,22-0001,18875509160,1,13,0755,2019,2,13,0,45
1549989900000,17-0010,18875509171,1,13,0755,2019,2,13,0,45
1549989900000,22-0000,18875509204,3,12,0,2019,2,13,0,45
1549989900000,14-0001,18875509251,1,13,0755,2019,2,13,0,45
1549989900000,20-0001,18875509254,1,13,0755,2019,2,13,0,45
1549989900000,6-0018,18875509263,1,13,0755,2019,2,13,0,45
1549989900000,14-0001,18875509291,1,13,0755,2019,2,13,0,45
1549989900000,20-0019,18875509321,1,13,0755,2019,2,13,0,45
1549989900000,7-0017,18875509325,1,13,0755,2019,2,13,0,45
1549989900000,7-0004,18875509406,3,21,0,2019,2,13,0,45
1549989900000,16-0012,18875509423,1,13,0755,2019,2,13,0,45
1549989900000,24-0003,18875509455,1,13,0755,2019,2,13,0,45
1549989900000,22-0010,18875509493,1,13,0755,2019,2,13,0,45
1549989900000,19-0008,18875509496,1,13,0755,2019,2,13,0,45
1549989900000,9-0003,18875509502,3,10,0,2019,2,13,0,45
1549989900000,17-0003,18875509511,1,13,0755,2019,2,13,0,45
1549989900000,16-0018,18875509568,1,13,0755,2019,2,13,0,45
1549989900000,11-0007,18875509573,1,13,0755,2019,2,13,0,45
1549989900000,4-0006,18875509615,2,13,0758,2019,2,13,0,45
1549989900000,19-0003,18875509633,1,13,0755,2019,2,13,0,45
1549989900000,17-0001,18875509659,1,13,0755,2019,2,13,0,45
1549989900000,4-0019,18875509682,1,13,0755,2019,2,13,0,45
1549989900000,7-0015,18875509714,2,13,0750,2019,2,13,0,45
1549989900000,13-0006,18875509721,1,13,0755,2019,2,13,0,45
1549989900000,4-0000,18875509761,1,13,0755,2019,2,13,0,45
1549989900000,18-0000,18875509764,1,13,0755,2019,2,13,0,45
1549989900000,8-0017,18875509776,1,13,0755,2019,2,13,0,45
1549989900000,20-0014,18875509777,1,13,0755,2019,2,13,0,45
1549989900000,11-0017,18875509799,1,13,0755,2019,2,13,0,45
1549989900000,13-0005,18875509901,4,0,0,2019,2,13,0,45
1549989900000,19-0013,18875509927,1,13,0755,2019,2,13,0,45
1549989900000,11-0011,18875509932,1,13,0755,2019,2,13,0,45
1549989900000,13-0006,18875509958,1,13,0755,2019,2,13,0,45
1549989900000,4-0005,18875509963,1,13,0755,2019,2,13,0,45
1549989900000,11-0005,18875509967,1,13,0755,2019,2,13,0,45
1549989900000,23-0018,18875509973,1,13,0755,2019,2,13,0,45
