1549727100000,8-0004,18875500030,1,13,0755,2019,2,9,23,45
1549727100000,9-0016,18875500054,1,13,0755,2019,2,9,23,45
1549727100000,8-0011,18875500062,1,13,0755,2019,2,9,23,45
1549727100000,13-0016,18875500069,1,13,0755,2019,2,9,23,45
1549727100000,11-0001,18875500095,1,13,0755,2019,2,9,23,45
1549727100000,10-0008,18875500121,1,13,0755,2019,2,9,23,45
1549727100000,14-0016,18875500177,1,13,0755,2019,2,9,23,45
1549727100000,15-0017,18875500178,1,13,0755,2019,2,9,23,45
1549727100000,21-0007,18875500180,1,13,0755,2019,2,9,23,45
1549727100000,22-0007,18875500184,1,13,0755,2019,2,9,23,45
1549727100000,21-0002,18875500187,1,13,0755,2019,2,9,23,45
1549727100000,17-0015,18875500206,3,21,0,2019,2,9,23,45
1549727100000,19-0001,18875500211,1,13,0755,2019,2,9,23,45
1549727100000,16-0008,18875500314,2,13,0750,2019,2,9,23,45
1549727100000,24-0003,18875500338,1,13,0755,2019,2,9,23,45
1549727100000,23-0016,18875500346,1,13,0755,2019,2,9,23,45
1549727100000,9-0016,18875500347,1,13,0755,2019,2,9,23,45
1549727100000,20-0001,18875500368,1,13,0755,2019,2,9,23,45
1549727100000,14-0004,18875500404,3,12,0,2019,2,9,23,45
1549727100000,9-0001,18875500447,1,13,0755,2019,2,9,23,45
1549727100000,24-0002,18875500454,1,13,0755,2019,2,9,23,45
1549727100000,19-0012,18875500462,1,13,0755,2019,2,9,23,45
1549727100000,22-0001,18875500472,1,13,0755,2019,2,9,23,45
1549727100000,24-0000,18875500512,1,13,0755,2019,2,9,23,45
1549727100000,20-0017,18875500528,1,13,0755,2019,2,9,23,45
1549727100000,9-0010,18875500531,1,13,0755,2019,2,9,23,45
1549727100000,12-0014,18875500540,1,13,0755,2019,2,9,23,45
1549727100000,4-0014,18875500558,1,13,0755,2019,2,9,23,45
1549727100000,19-0011,18875500584,1,13,0755,2019,2,9,23,45
1549727100000,16-0008,18875500609,1,13,0755,2019,2,9,23,45
1549727100000,15-0013,18875500625,1,13,0755,2019,2,9,23,45
1549727100000,17-0014,18875500652,1,13,0755,2019,2,9,23,45
1549727100000,23-0003,18875500672,1,13,0755,2019,2,9,23,45
1549727100000,17-0018,18875500677,1,13,0755,2019,2,9,23,45
1549727100000,17-0006,18875500691,1,13,0755,2019,2,9,23,45
1549727100000,5-0010,18875500693,1,13,0755,2019,2,9,23,45
1549727100000,15-0012,18875500734,1,13,0755,2019,2,9,23,45
1549727100000,18-0007,18875500788,1,13,0755,2019,2,9,23,45
1549727100000,22-0002,18875500802,3,10,0,2019,2,9,23,45
1549727100000,15-0018,18875500810,1,13,0755,2019,2,9,23,45
1549727100000,13-0000,18875500815,2,13,0758,2019,2,9,23,45
1549727100000,11-0011,18875500828,1,13,0755,2019,2,9,23,45
1549727100000,23-0009,18875500852,1,13,0755,2019,2,9,23,45
1549727100000,10-0005,18875500862,1,13,0755,2019,2,9,23,45
1549727100000,10-0019,18875500863,1,13,0755,2019,2,9,23,45
1549727100000,14-0001,18875500898,1,13,0755,2019,2,9,23,45
1549727100000,23-0009,18875500917,2,13,0752,2019,2,9,23,45
1549727100000,16-0015,18875500968,1,13,0755,2019,2,9,23,45
1549727100000,17-0016,18875500972,1,13,0755,2019,2,9,23,45
1549727100000,7-0002,18875501002,3,10,0,2019,2,9,23,45
1549727100000,15-0002,18875501026,1,13,0755,2019,2,9,23,45
1549727100000,6-0006,18875501027,1,13,0755,2019,2,9,23,45
1549727100000,12-0004,18875501048,1,13,0755,2019,2,9,23,45
1549727100000,11-0007,18875501084,1,13,0755,2019,2,9,23,45
1549727100000,17-0000,18875501088,1,13,0755,2019,2,9,23,45
1549727100000,17-0007,18875501096,1,13,0755,2019,2,9,23,45
1549727100000,7-0018,18875501127,1,13,0755,2019,2,9,23,45
1549727100000,4-0017,18875501142,1,13,0755,2019,2,9,23,45
1549727100000,22-0011,18875501177,1,13,0755,2019,2,9,23,45
1549727100000,17-0014,18875501191,1,13,0755,2019,2,9,23,45
1549727100000,5-0003,18875501207,3,22,0,2019,2,9,23,45
1549727100000,4-0006,18875501225,1,13,0755,2019,2,9,23,45
1549727100000,23-0013,18875501308,3,24,0,2019,2,9,23,45
1549727100000,14-0009,18875501323,1,13,0755,2019,2,9,23,45
1549727100000,24-0016,18875501332,1,13,0755,2019,2,9,23,45
1549727100000,7-0019,18875501376,1,13,0755,2019,2,9,23,45
1549727100000,13-0000,18875501397,1,13,0755,2019,2,9,23,45
1549727100000,12-0010,18875501402,3,10,0,2019,2,9,23,45
1549727100000,8-0001,18875501425,1,13,0755,2019,2,9,23,45
1549727100000,5-0019,18875501428,1,13,0755,2019,2,9,23,45
1549727100000,24-0014,18875501442,1,13,0755,2019,2,9,23,45
1549727100000,21-0002,18875501450,0,0,0,2019,2,9,23,45
1549727100000,12-0009,18875501507,3,22,0,2019,2,9,23,45
1549727100000,11-0011,18875501519,1,13,0755,2019,2,9,23,45
1549727100000,23-0016,18875501525,1,13,0755,2019,2,9,23,45
1549727100000,22-0011,18875501534,1,13,0755,2019,2,9,23,45
1549727100000,18-0009,18875501582,1,13,0755,2019,2,9,23,45
1549727100000,23-0019,18875501595,1,13,0755,2019,2,9,23,45
1549727100000,16-0007,18875501623,1,13,0755,2019,2,9,23,45
1549727100000,24-0003,18875501701,4,0,0,2019,2,9,23,45
1549727100000,17-0000,18875501711,1,13,0755,2019,2,9,23,45
1549727100000,22-0005,18875501734,1,13,0755,2019,2,9,23,45
1549727100000,5-0003,18875501736,1,13,0755,2019,2,9,23,45
1549727100000,17-0010,18875501741,1,13,0755,2019,2,9,23,45
1549727100000,15-0016,18875501742,1,13,0755,2019,2,9,23,45
1549727100000,19-0017,18875501745,1,13,0755,2019,2,9,23,45
1549727100000,11-0013,18875501776,1,13,0755,2019,2,9,23,45
1549727100000,13-0015,18875501811,1,13,0755,2019,2,9,23,45
1549727100000,5-0008,18875501865,1,13,0755,2019,2,9,23,45
1549727100000,14-0008,18875501872,1,13,0755,2019,2,9,23,45
1549727100000,6-0011,18875501943,1,13,0755,2019,2,9,23,45
1549727100000,7-0019,18875501945,1,13,0755,2019,2,9,23,45
1549727100000,20-0010,18875501954,1,13,0755,2019,2,9,23,45
1549727100000,20-0009,18875501962,1,13,0755,2019,2,9,23,45
1549727100000,18-0010,18875501971,1,13,0755,2019,2,9,23,45
1549727100000,9-0016,18875502005,3,14,0,2019,2,9,23,45
1549727100000,20-0003,18875502012,1,13,0755,2019,2,9,23,45
1549727100000,4-0012,18875502042,1,13,0755,2019,2,9,23,45
1549727100000,10-0002,18875502059,1,13,0755,2019,2,9,23,45
1549727100000,5-0002,18875502082,1,13,0755,2019,2,9,23,45
1549727100000,5-0006,18875502092,1,13,0755,2019,2,9,23,45
1549727100000,22-0005,18875502148,1,13,0755,2019,2,9,23,45
1549727100000,15-0000,18875502155,1,13,0755,2019,2,9,23,45
1549727100000,23-0015,18875502156,1,13,0755,2019,2,9,23,45
1549727100000,9-0016,18875502161,1,13,0755,2019,2,9,23,45
1549727100000,13-0016,18875502182,1,13,0755,2019,2,9,23,45
1549727100000,5-0008,18875502210,1,13,0755,2019,2,9,23,45
1549727100000,11-0011,18875502223,1,13,0755,2019,2,9,23,45
1549727100000,6-0003,18875502268,1,13,0755,2019,2,9,23,45
1549727100000,5-0006,18875502290,1,13,0755,2019,2,9,23,45
1549727100000,17-0017,18875502291,1,13,0755,2019,2,9,23,45
1549727100000,14-0019,18875502375,1,13,0755,2019,2,9,23,45
1549727100000,8-0012,18875502377,1,13,0755,2019,2,9,23,45
1549727100000,14-0014,18875502450,0,0,0,2019,2,9,23,45
1549727100000,17-0003,18875502456,1,13,0755,2019,2,9,23,45
1549727100000,4-0013,18875502464,1,13,0755,2019,2,9,23,45
1549727100000,16-0012,18875502482,1,13,0755,2019,2,9,23,45
1549727100000,24-0016,18875502513,2,13,020,2019,2,9,23,45
1549727100000,9-0015,18875502527,1,13,0755,2019,2,9,23,45
1549727100000,10-0015,18875502568,1,13,0755,2019,2,9,23,45
1549727100000,22-0011,18875502571,1,13,0755,2019,2,9,23,45
1549727100000,15-0016,18875502618,2,13,0757,2019,2,9,23,45
1549727100000,8-0013,18875502621,1,13,0755,2019,2,9,23,45
1549727100000,18-0003,18875502624,1,13,0755,2019,2,9,23,45
1549727100000,22-0001,18875502639,1,13,0755,2019,2,9,23,45
1549727100000,22-0012,18875502653,1,13,0755,2019,2,9,23,45
1549727100000,18-0015,18875502664,1,13,0755,2019,2,9,23,45
1549727100000,9-0003,18875502716,2,13,0753,2019,2,9,23,45
1549727100000,23-0015,18875502720,1,13,0755,2019,2,9,23,45
1549727100000,7-0017,18875502731,1,13,0755,2019,2,9,23,45
1549727100000,19-0016,18875502752,1,13,0755,2019,2,9,23,45
1549727100000,24-0004,18875502755,1,13,0755,2019,2,9,23,45
1549727100000,19-0015,18875502759,1,13,0755,2019,2,9,23,45
1549727100000,19-0005,18875502765,1,13,0755,2019,2,9,23,45
1549727100000,6-0013,18875502832,1,13,0755,2019,2,9,23,45
1549727100000,15-0013,18875502833,1,13,0755,2019,2,9,23,45
1549727100000,14-0019,18875502849,1,13,0755,2019,2,9,23,45
1549727100000,22-0012,18875502850,0,0,0,2019,2,9,23,45
1549727100000,10-0009,18875502854,1,13,0755,2019,2,9,23,45
1549727100000,15-0013,18875502864,1,13,0755,2019,2,9,23,45
1549727100000,18-0019,18875502877,1,13,0755,2019,2,9,23,45
1549727100000,14-0002,18875502889,1,13,0755,2019,2,9,23,45
1549727100000,15-0007,18875502898,1,13,0755,2019,2,9,23,45
1549727100000,17-0019,18875502927,1,13,0755,2019,2,9,23,45
1549727100000,8-0001,18875502944,1,13,0755,2019,2,9,23,45
1549727100000,10-0000,18875502949,1,13,0755,2019,2,9,23,45
1549727100000,7-0010,18875502955,1,13,0755,2019,2,9,23,45
1549727100000,23-0009,18875502961,1,13,0755,2019,2,9,23,45
1549727100000,10-0015,18875502963,1,13,0755,2019,2,9,23,45
1549727100000,19-0014,18875502978,1,13,0755,2019,2,9,23,45
1549727100000,17-0015,18875502988,1,13,0755,2019,2,9,23,45
1549727100000,11-0002,18875503023,1,13,0755,2019,2,9,23,45
1549727100000,21-0008,18875503034,1,13,0755,2019,2,9,23,45
1549727100000,10-0001,18875503079,1,13,0755,2019,2,9,23,45
1549727100000,14-0010,18875503089,1,13,0755,2019,2,9,23,45
1549727100000,12-0012,18875503091,1,13,0755,2019,2,9,23,45
1549727100000,12-0019,18875503095,1,13,0755,2019,2,9,23,45
1549727100000,11-0007,18875503106,3,21,0,2019,2,9,23,45
1549727100000,19-0005,18875503107,3,22,0,2019,2,9,23,45
1549727100000,11-0019,18875503219,1,13,0755,2019,2,9,23,45
1549727100000,17-0001,18875503225,1,13,0755,2019,2,9,23,45
1549727100000,24-0019,18875503228,1,13,0755,2019,2,9,23,45
1549727100000,9-0013,18875503235,1,13,0755,2019,2,9,23,45
1549727100000,18-0001,18875503275,1,13,0755,2019,2,9,23,45
1549727100000,9-0015,18875503280,1,13,0755,2019,2,9,23,45
1549727100000,11-0011,18875503306,3,21,0,2019,2,9,23,45
1549727100000,6-0019,18875503322,1,13,0755,2019,2,9,23,45
1549727100000,21-0009,18875503327,1,13,0755,2019,2,9,23,45
1549727100000,9-0001,18875503345,1,13,0755,2019,2,9,23,45
1549727100000,7-0003,18875503370,1,13,0755,2019,2,9,23,45
1549727100000,15-0019,18875503384,1,13,0755,2019,2,9,23,45
1549727100000,7-0013,18875503398,1,13,0755,2019,2,9,23,45
1549727100000,17-0014,18875503409,1,13,0755,2019,2,9,23,45
1549727100000,7-0008,18875503422,1,13,0755,2019,2,9,23,45
1549727100000,6-0001,18875503425,1,13,0755,2019,2,9,23,45
1549727100000,6-0009,18875503438,1,13,0755,2019,2,9,23,45
1549727100000,17-0011,18875503462,1,13,0755,2019,2,9,23,45
1549727100000,16-0011,18875503544,1,13,0755,2019,2,9,23,45
1549727100000,18-0001,18875503547,1,13,0755,2019,2,9,23,45
1549727100000,8-0011,18875503618,2,13,0757,2019,2,9,23,45
1549727100000,19-0013,18875503623,1,13,0755,2019,2,9,23,45
1549727100000,10-0015,18875503630,1,13,0755,2019,2,9,23,45
1549727100000,5-0002,18875503633,1,13,0755,2019,2,9,23,45
1549727100000,21-0000,18875503650,0,0,0,2019,2,9,23,45
1549727100000,11-0008,18875503665,1,13,0755,2019,2,9,23,45
1549727100000,5-0008,18875503749,1,13,0755,2019,2,9,23,45
1549727100000,18-0016,18875503765,1,13,0755,2019,2,9,23,45
1549727100000,19-0003,18875503770,1,13,0755,2019,2,9,23,45
1549727100000,17-0012,18875503808,3,24,0,2019,2,9,23,45
1549727100000,8-0014,18875503842,1,13,0755,2019,2,9,23,45
1549727100000,13-0017,18875503885,1,13,0755,2019,2,9,23,45
1549727100000,23-0001,18875503890,1,13,0755,2019,2,9,23,45
1549727100000,21-0004,18875503901,4,0,0,2019,2,9,23,45
1549727100000,12-0000,18875503924,1,13,0755,2019,2,9,23,45
1549727100000,24-0003,18875503925,1,13,0755,2019,2,9,23,45
1549727100000,13-0000,18875503933,1,13,0755,2019,2,9,23,45
1549727100000,7-0002,18875503946,1,13,0755,2019,2,9,23,45
1549727100000,19-0016,18875503984,1,13,0755,2019,2,9,23,45
1549727100000,5-0017,18875503986,1,13,0755,2019,2,9,23,45
1549727100000,13-0007,18875504020,1,13,0755,2019,2,9,23,45
1549727100000,18-0015,18875504021,1,13,0755,2019,2,9,23,45
1549727100000,15-0016,18875504023,1,13,0755,2019,2,9,23,45
1549727100000,8-0012,18875504045,1,13,0755,2019,2,9,23,45
1549727100000,18-0003,18875504058,1,13,0755,2019,2,9,23,45
1549727100000,13-0001,18875504072,1,13,0755,2019,2,9,23,45
1549727100000,12-0016,18875504077,1,13,0755,2019,2,9,23,45
1549727100000,16-0004,18875504092,1,13,0755,2019,2,9,23,45
1549727100000,15-0003,18875504105,3,14,0,2019,2,9,23,45
1549727100000,8-0010,18875504106,3,21,0,2019,2,9,23,45
1549727100000,23-0006,18875504136,1,13,0755,2019,2,9,23,45
1549727100000,23-0000,18875504137,1,13,0755,2019,2,9,23,45
1549727100000,16-0018,18875504151,1,13,0755,2019,2,9,23,45
1549727100000,19-0004,18875504233,1,13,0755,2019,2,9,23,45
1549727100000,12-0000,18875504241,1,13,0755,2019,2,9,23,45
1549727100000,7-0001,18875504244,1,13,0755,2019,2,9,23,45
1549727100000,10-0012,18875504292,1,13,0755,2019,2,9,23,45
1549727100000,14-0017,18875504308,3,24,0,2019,2,9,23,45
1549727100000,11-0008,18875504333,1,13,0755,2019,2,9,23,45
1549727100000,10-0013,18875504357,1,13,0755,2019,2,9,23,45
1549727100000,11-0012,18875504362,1,13,0755,2019,2,9,23,45
1549727100000,10-0010,18875504364,1,13,0755,2019,2,9,23,45
1549727100000,10-0010,18875504406,3,21,0,2019,2,9,23,45
1549727100000,14-0008,18875504407,3,22,0,2019,2,9,23,45
1549727100000,4-0012,18875504411,1,13,0755,2019,2,9,23,45
1549727100000,4-0008,18875504438,1,13,0755,2019,2,9,23,45
1549727100000,13-0003,18875504482,1,13,0755,2019,2,9,23,45
1549727100000,18-0000,18875504492,1,13,0755,2019,2,9,23,45
1549727100000,21-0013,18875504517,2,13,0752,2019,2,9,23,45
1549727100000,18-0017,18875504541,1,13,0755,2019,2,9,23,45
1549727100000,14-0015,18875504545,1,13,0755,2019,2,9,23,45
1549727100000,9-0000,18875504555,1,13,0755,2019,2,9,23,45
1549727100000,5-0008,18875504556,1,13,0755,2019,2,9,23,45
1549727100000,9-0019,18875504620,1,13,0755,2019,2,9,23,45
1549727100000,9-0019,18875504622,1,13,0755,2019,2,9,23,45
1549727100000,10-0012,18875504634,1,13,0755,2019,2,9,23,45
1549727100000,4-0019,18875504635,1,13,0755,2019,2,9,23,45
1549727100000,13-0006,18875504639,1,13,0755,2019,2,9,23,45
1549727100000,19-0009,18875504660,1,13,0755,2019,2,9,23,45
1549727100000,18-0007,18875504716,2,13,0753,2019,2,9,23,45
1549727100000,14-0001,18875504719,1,13,0755,2019,2,9,23,45
1549727100000,15-0001,18875504721,1,13,0755,2019,2,9,23,45
1549727100000,11-0006,18875504732,1,13,0755,2019,2,9,23,45
1549727100000,23-0014,18875504735,1,13,0755,2019,2,9,23,45
1549727100000,17-0013,18875504767,1,13,0755,2019,2,9,23,45
1549727100000,16-0009,18875504794,1,13,0755,2019,2,9,23,45
1549727100000,20-0018,18875504804,3,12,0,2019,2,9,23,45
1549727100000,22-0002,18875504819,1,13,0755,2019,2,9,23,45
1549727100000,20-0001,18875504839,1,13,0755,2019,2,9,23,45
1549727100000,14-0013,18875504840,1,13,0755,2019,2,9,23,45
1549727100000,21-0011,18875504841,1,13,0755,2019,2,9,23,45
1549727100000,6-0018,18875504848,1,13,0755,2019,2,9,23,45
1549727100000,12-0002,18875504850,0,0,0,2019,2,9,23,45
1549727100000,11-0011,18875504859,1,13,0755,2019,2,9,23,45
1549727100000,11-0017,18875504870,1,13,0755,2019,2,9,23,45
1549727100000,16-0010,18875504945,1,13,0755,2019,2,9,23,45
1549727100000,6-0018,18875504964,1,13,0755,2019,2,9,23,45
1549727100000,15-0002,18875505019,1,13,0755,2019,2,9,23,45
1549727100000,14-0005,18875505021,1,13,0755,2019,2,9,23,45
1549727100000,15-0011,18875505049,1,13,0755,2019,2,9,23,45
1549727100000,16-0006,18875505057,1,13,0755,2019,2,9,23,45
1549727100000,11-0007,18875505062,1,13,0755,2019,2,9,23,45
1549727100000,24-0015,18875505073,1,13,0755,2019,2,9,23,45
1549727100000,9-0019,18875505098,1,13,0755,2019,2,9,23,45
1549727100000,16-0001,18875505103,3,11,0,2019,2,9,23,45
1549727100000,4-0017,18875505145,1,13,0755,2019,2,9,23,45
1549727100000,21-0003,18875505147,1,13,0755,2019,2,9,23,45
1549727100000,18-0003,18875505177,1,13,0755,2019,2,9,23,45
1549727100000,10-0015,18875505241,1,13,0755,2019,2,9,23,45
1549727100000,4-0000,18875505264,1,13,0755,2019,2,9,23,45
1549727100000,11-0008,18875505269,1,13,0755,2019,2,9,23,45
1549727100000,13-0006,18875505303,3,11,0,2019,2,9,23,45
1549727100000,6-0017,18875505307,3,22,0,2019,2,9,23,45
1549727100000,13-0006,18875505375,1,13,0755,2019,2,9,23,45
1549727100000,4-0018,18875505376,1,13,0755,2019,2,9,23,45
1549727100000,4-0013,18875505391,1,13,0755,2019,2,9,23,45
1549727100000,14-0000,18875505402,3,10,0,2019,2,9,23,45
1549727100000,21-0007,18875505404,3,12,0,2019,2,9,23,45
1549727100000,10-0012,18875505415,2,13,0758,2019,2,9,23,45
1549727100000,20-0014,18875505419,1,13,0755,2019,2,9,23,45
1549727100000,8-0004,18875505429,1,13,0755,2019,2,9,23,45
1549727100000,5-0006,18875505451,1,13,0755,2019,2,9,23,45
1549727100000,12-0016,18875505480,1,13,0755,2019,2,9,23,45
1549727100000,22-0016,18875505537,1,13,0755,2019,2,9,23,45
1549727100000,22-0000,18875505544,1,13,0755,2019,2,9,23,45
1549727100000,10-0015,18875505560,1,13,0755,2019,2,9,23,45
1549727100000,14-0009,18875505612,1,13,0755,2019,2,9,23,45
1549727100000,11-0006,18875505614,2,13,0750,2019,2,9,23,45
1549727100000,4-0009,18875505637,1,13,0755,2019,2,9,23,45
1549727100000,5-0001,18875505641,1,13,0755,2019,2,9,23,45
1549727100000,6-0013,18875505648,1,13,0755,2019,2,9,23,45
1549727100000,6-0016,18875505668,1,13,0755,2019,2,9,23,45
1549727100000,20-0018,18875505669,1,13,0755,2019,2,9,23,45
1549727100000,10-0007,18875505680,1,13,0755,2019,2,9,23,45
1549727100000,8-0011,18875505688,1,13,0755,2019,2,9,23,45
1549727100000,20-0016,18875505697,1,13,0755,2019,2,9,23,45
1549727100000,7-0009,18875505728,1,13,0755,2019,2,9,23,45
1549727100000,11-0003,18875505746,1,13,0755,2019,2,9,23,45
1549727100000,5-0015,18875505762,1,13,0755,2019,2,9,23,45
1549727100000,11-0018,18875505767,1,13,0755,2019,2,9,23,45
1549727100000,17-0000,18875505774,1,13,0755,2019,2,9,23,45
1549727100000,20-0016,18875505776,1,13,0755,2019,2,9,23,45
1549727100000,12-0014,18875505779,1,13,0755,2019,2,9,23,45
1549727100000,10-0005,18875505789,1,13,0755,2019,2,9,23,45
1549727100000,10-0018,18875505804,3,12,0,2019,2,9,23,45
1549727100000,4-0013,18875505822,1,13,0755,2019,2,9,23,45
1549727100000,12-0010,18875505868,1,13,0755,2019,2,9,23,45
1549727100000,21-0013,18875505880,1,13,0755,2019,2,9,23,45
1549727100000,14-0005,18875505886,1,13,0755,2019,2,9,23,45
1549727100000,11-0008,18875505952,1,13,0755,2019,2,9,23,45
1549727100000,17-0008,18875505961,1,13,0755,2019,2,9,23,45
1549727100000,4-0015,18875506005,3,14,0,2019,2,9,23,45
1549727100000,24-0012,18875506010,1,13,0755,2019,2,9,23,45
1549727100000,5-0017,18875506012,1,13,0755,2019,2,9,23,45
1549727100000,5-0000,18875506041,1,13,0755,2019,2,9,23,45
1549727100000,17-0007,18875506042,1,13,0755,2019,2,9,23,45
1549727100000,14-0004,18875506074,1,13,0755,2019,2,9,23,45
1549727100000,16-0000,18875506110,1,13,0755,2019,2,9,23,45
1549727100000,11-0019,18875506121,1,13,0755,2019,2,9,23,45
1549727100000,7-0003,18875506159,1,13,0755,2019,2,9,23,45
1549727100000,18-0013,18875506193,1,13,0755,2019,2,9,23,45
1549727100000,17-0013,18875506251,1,13,0755,2019,2,9,23,45
1549727100000,8-0000,18875506264,1,13,0755,2019,2,9,23,45
1549727100000,17-0005,18875506269,1,13,0755,2019,2,9,23,45
1549727100000,11-0011,18875506280,1,13,0755,2019,2,9,23,45
1549727100000,12-0001,18875506282,1,13,0755,2019,2,9,23,45
1549727100000,17-0003,18875506285,1,13,0755,2019,2,9,23,45
1549727100000,22-0006,18875506304,3,12,0,2019,2,9,23,45
1549727100000,16-0002,18875506309,1,13,0755,2019,2,9,23,45
1549727100000,17-0009,18875506310,1,13,0755,2019,2,9,23,45
1549727100000,20-0015,18875506351,1,13,0755,2019,2,9,23,45
1549727100000,13-0005,18875506358,1,13,0755,2019,2,9,23,45
1549727100000,18-0015,18875506393,1,13,0755,2019,2,9,23,45
1549727100000,17-0013,18875506394,1,13,0755,2019,2,9,23,45
1549727100000,13-0018,18875506417,2,13,0752,2019,2,9,23,45
1549727100000,14-0014,18875506428,1,13,0755,2019,2,9,23,45
1549727100000,13-0016,18875506445,1,13,0755,2019,2,9,23,45
1549727100000,14-0011,18875506464,1,13,0755,2019,2,9,23,45
1549727100000,17-0005,18875506470,1,13,0755,2019,2,9,23,45
1549727100000,19-0018,18875506476,1,13,0755,2019,2,9,23,45
1549727100000,8-0012,18875506477,1,13,0755,2019,2,9,23,45
1549727100000,11-0001,18875506478,1,13,0755,2019,2,9,23,45
1549727100000,16-0015,18875506513,2,13,020,2019,2,9,23,45
1549727100000,19-0004,18875506562,1,13,0755,2019,2,9,23,45
1549727100000,6-0018,18875506567,1,13,0755,2019,2,9,23,45
1549727100000,23-0002,18875506578,1,13,0755,2019,2,9,23,45
1549727100000,16-0008,18875506601,4,0,0,2019,2,9,23,45
1549727100000,8-0013,18875506623,1,13,0755,2019,2,9,23,45
1549727100000,9-0004,18875506643,1,13,0755,2019,2,9,23,45
1549727100000,8-0011,18875506666,1,13,0755,2019,2,9,23,45
1549727100000,21-0012,18875506702,3,10,0,2019,2,9,23,45
1549727100000,6-0016,18875506734,1,13,0755,2019,2,9,23,45
1549727100000,8-0001,18875506780,1,13,0755,2019,2,9,23,45
1549727100000,6-0008,18875506782,1,13,0755,2019,2,9,23,45
1549727100000,17-0010,18875506803,3,11,0,2019,2,9,23,45
1549727100000,9-0003,18875506840,1,13,0755,2019,2,9,23,45
1549727100000,8-0001,18875506871,1,13,0755,2019,2,9,23,45
1549727100000,13-0004,18875506880,1,13,0755,2019,2,9,23,45
1549727100000,23-0005,18875506906,3,21,0,2019,2,9,23,45
1549727100000,8-0019,18875506915,2,13,0758,2019,2,9,23,45
1549727100000,9-0007,18875506917,2,13,0752,2019,2,9,23,45
1549727100000,13-0007,18875506996,1,13,0755,2019,2,9,23,45
1549727100000,18-0001,18875506997,1,13,0755,2019,2,9,23,45
1549727100000,19-0008,18875506999,1,13,0755,2019,2,9,23,45
1549727100000,23-0014,18875507067,1,13,0755,2019,2,9,23,45
1549727100000,23-0003,18875507073,1,13,0755,2019,2,9,23,45
1549727100000,10-0005,18875507085,1,13,0755,2019,2,9,23,45
1549727100000,23-0005,18875507088,1,13,0755,2019,2,9,23,45
1549727100000,10-0012,18875507112,1,13,0755,2019,2,9,23,45
1549727100000,21-0010,18875507117,2,13,0752,2019,2,9,23,45
1549727100000,19-0018,18875507122,1,13,0755,2019,2,9,23,45
1549727100000,15-0008,18875507130,1,13,0755,2019,2,9,23,45
1549727100000,20-0016,18875507143,1,13,0755,2019,2,9,23,45
1549727100000,21-0007,18875507177,1,13,0755,2019,2,9,23,45
1549727100000,14-0017,18875507180,1,13,0755,2019,2,9,23,45
1549727100000,10-0016,18875507196,1,13,0755,2019,2,9,23,45
1549727100000,8-0019,18875507248,1,13,0755,2019,2,9,23,45
1549727100000,21-0003,18875507252,1,13,0755,2019,2,9,23,45
1549727100000,13-0013,18875507256,1,13,0755,2019,2,9,23,45
1549727100000,10-0011,18875507269,1,13,0755,2019,2,9,23,45
1549727100000,18-0016,18875507283,1,13,0755,2019,2,9,23,45
1549727100000,16-0016,18875507294,1,13,0755,2019,2,9,23,45
1549727100000,19-0010,18875507320,1,13,0755,2019,2,9,23,45
1549727100000,24-0018,18875507324,1,13,0755,2019,2,9,23,45
1549727100000,24-0012,18875507333,1,13,0755,2019,2,9,23,45
1549727100000,20-0008,18875507340,1,13,0755,2019,2,9,23,45
1549727100000,18-0001,18875507360,1,13,0755,2019,2,9,23,45
1549727100000,23-0001,18875507378,1,13,0755,2019,2,9,23,45
1549727100000,20-0001,18875507385,1,13,0755,2019,2,9,23,45
1549727100000,14-0014,18875507392,1,13,0755,2019,2,9,23,45
1549727100000,13-0011,18875507438,1,13,0755,2019,2,9,23,45
1549727100000,20-0003,18875507474,1,13,0755,2019,2,9,23,45
1549727100000,23-0016,18875507482,1,13,0755,2019,2,9,23,45
1549727100000,22-0009,18875507491,1,13,0755,2019,2,9,23,45
1549727100000,23-0016,18875507503,3,11,0,2019,2,9,23,45
1549727100000,17-0012,18875507507,3,22,0,2019,2,9,23,45
1549727100000,13-0011,18875507511,1,13,0755,2019,2,9,23,45
1549727100000,22-0014,18875507545,1,13,0755,2019,2,9,23,45
1549727100000,21-0014,18875507546,1,13,0755,2019,2,9,23,45
1549727100000,6-0018,18875507549,1,13,0755,2019,2,9,23,45
1549727100000,8-0006,18875507590,1,13,0755,2019,2,9,23,45
1549727100000,17-0005,18875507610,1,13,0755,2019,2,9,23,45
1549727100000,20-0011,18875507613,2,13,020,2019,2,9,23,45
1549727100000,11-0004,18875507621,1,13,0755,2019,2,9,23,45
1549727100000,11-0014,18875507653,1,13,0755,2019,2,9,23,45
1549727100000,10-0011,18875507660,1,13,0755,2019,2,9,23,45
1549727100000,23-0008,18875507705,3,14,0,2019,2,9,23,45
1549727100000,19-0009,18875507728,1,13,0755,2019,2,9,23,45
1549727100000,5-0018,18875507765,1,13,0755,2019,2,9,23,45
1549727100000,24-0001,18875507766,1,13,0755,2019,2,9,23,45
1549727100000,19-0019,18875507770,1,13,0755,2019,2,9,23,45
1549727100000,10-0018,18875507775,1,13,0755,2019,2,9,23,45
1549727100000,23-0010,18875507792,1,13,0755,2019,2,9,23,45
1549727100000,7-0009,18875507808,3,24,0,2019,2,9,23,45
1549727100000,17-0019,18875507833,1,13,0755,2019,2,9,23,45
1549727100000,10-0011,18875507840,1,13,0755,2019,2,9,23,45
1549727100000,9-0019,18875507852,1,13,0755,2019,2,9,23,45
1549727100000,16-0013,18875507880,1,13,0755,2019,2,9,23,45
1549727100000,22-0008,18875507884,1,13,0755,2019,2,9,23,45
1549727100000,21-0016,18875507896,1,13,0755,2019,2,9,23,45
1549727100000,23-0007,18875507899,1,13,0755,2019,2,9,23,45
1549727100000,7-0013,18875507912,1,13,0755,2019,2,9,23,45
1549727100000,4-0009,18875507920,1,13,0755,2019,2,9,23,45
1549727100000,5-0004,18875507933,1,13,0755,2019,2,9,23,45
1549727100000,23-0012,18875507942,1,13,0755,2019,2,9,23,45
1549727100000,19-0012,18875508025,1,13,0755,2019,2,9,23,45
1549727100000,23-0005,18875508036,1,13,0755,2019,2,9,23,45
1549727100000,9-0003,18875508043,1,13,0755,2019,2,9,23,45
1549727100000,20-0007,18875508070,1,13,0755,2019,2,9,23,45
1549727100000,21-0004,18875508088,1,13,0755,2019,2,9,23,45
1549727100000,6-0018,18875508108,3,24,0,2019,2,9,23,45
1549727100000,19-0017,18875508125,1,13,0755,2019,2,9,23,45
1549727100000,10-0016,18875508148,1,13,0755,2019,2,9,23,45
1549727100000,21-0019,18875508153,1,13,0755,2019,2,9,23,45
1549727100000,7-0018,18875508221,1,13,0755,2019,2,9,23,45
1549727100000,22-0002,18875508233,1,13,0755,2019,2,9,23,45
1549727100000,21-0013,18875508250,0,0,0,2019,2,9,23,45
1549727100000,16-0012,18875508260,1,13,0755,2019,2,9,23,45
1549727100000,13-0001,18875508284,1,13,0755,2019,2,9,23,45
1549727100000,22-0019,18875508326,1,13,0755,2019,2,9,23,45
1549727100000,15-0014,18875508329,1,13,0755,2019,2,9,23,45
1549727100000,20-0007,18875508337,1,13,0755,2019,2,9,23,45
1549727100000,13-0002,18875508340,1,13,0755,2019,2,9,23,45
1549727100000,19-0011,18875508347,1,13,0755,2019,2,9,23,45
1549727100000,6-0016,18875508390,1,13,0755,2019,2,9,23,45
1549727100000,8-0001,18875508411,1,13,0755,2019,2,9,23,45
1549727100000,19-0003,18875508435,1,13,0755,2019,2,9,23,45
1549727100000,11-0004,18875508452,1,13,0755,2019,2,9,23,45
1549727100000,8-0013,18875508456,1,13,0755,2019,2,9,23,45
1549727100000,17-0014,18875508490,1,13,0755,2019,2,9,23,45
1549727100000,15-0000,18875508496,1,13,0755,2019,2,9,23,45
1549727100000,8-0003,18875508518,2,13,0757,2019,2,9,23,45
1549727100000,12-0016,18875508528,1,13,0755,2019,2,9,23,45
1549727100000,15-0003,18875508529,1,13,0755,2019,2,9,23,45
1549727100000,8-0009,18875508532,1,13,0755,2019,2,9,23,45
1549727100000,20-0017,18875508592,1,13,0755,2019,2,9,23,45
1549727100000,8-0006,18875508627,1,13,0755,2019,2,9,23,45
1549727100000,23-0004,18875508629,1,13,0755,2019,2,9,23,45
1549727100000,19-0009,18875508630,1,13,0755,2019,2,9,23,45
1549727100000,16-0018,18875508637,1,13,0755,2019,2,9,23,45
1549727100000,9-0019,18875508640,1,13,0755,2019,2,9,23,45
1549727100000,16-0009,18875508653,1,13,0755,2019,2,9,23,45
1549727100000,11-0015,18875508664,1,13,0755,2019,2,9,23,45
1549727100000,8-0019,18875508675,1,13,0755,2019,2,9,23,45
1549727100000,23-0012,18875508678,1,13,0755,2019,2,9,23,45
1549727100000,7-0013,18875508691,1,13,0755,2019,2,9,23,45
1549727100000,16-0013,18875508713,2,13,020,2019,2,9,23,45
1549727100000,13-0010,18875508727,1,13,0755,2019,2,9,23,45
1549727100000,11-0004,18875508737,1,13,0755,2019,2,9,23,45
1549727100000,18-0019,18875508804,3,12,0,2019,2,9,23,45
1549727100000,20-0009,18875508814,2,13,0750,2019,2,9,23,45
1549727100000,20-0007,18875508829,1,13,0755,2019,2,9,23,45
1549727100000,19-0010,18875508874,1,13,0755,2019,2,9,23,45
1549727100000,17-0007,18875508886,1,13,0755,2019,2,9,23,45
1549727100000,15-0015,18875508929,1,13,0755,2019,2,9,23,45
1549727100000,19-0016,18875508962,1,13,0755,2019,2,9,23,45
1549727100000,12-0009,18875508967,1,13,0755,2019,2,9,23,45
1549727100000,20-0015,18875508988,1,13,0755,2019,2,9,23,45
1549727100000,6-0011,18875508993,1,13,0755,2019,2,9,23,45
1549727100000,12-0012,18875508994,1,13,0755,2019,2,9,23,45
1549727100000,6-0008,18875509008,3,24,0,2019,2,9,23,45
1549727100000,23-0002,18875509018,2,13,0757,2019,2,9,23,45
1549727100000,7-0012,18875509020,1,13,0755,2019,2,9,23,45
1549727100000,23-0017,18875509022,1,13,0755,2019,2,9,23,45
1549727100000,15-0012,18875509034,1,13,0755,2019,2,9,23,45
1549727100000,13-0003,18875509047,1,13,0755,2019,2,9,23,45
1549727100000,24-0015,18875509055,1,13,0755,2019,2,9,23,45
1549727100000,8-0005,18875509061,1,13,0755,2019,2,9,23,45
1549727100000,4-0018,18875509094,1,13,0755,2019,2,9,23,45
1549727100000,21-0004,18875509097,1,13,0755,2019,2,9,23,45
1549727100000,13-0014,18875509127,1,13,0755,2019,2,9,23,45
1549727100000,24-0003,18875509142,1,13,0755,2019,2,9,23,45
1549727100000,8-0006,18875509147,1,13,0755,2019,2,9,23,45
1549727100000,15-0016,18875509153,1,13,0755,2019,2,9,23,45
1549727100000,20-0016,18875509161,1,13,0755,2019,2,9,23,45
1549727100000,10-0012,18875509171,1,13,0755,2019,2,9,23,45
1549727100000,11-0018,18875509175,1,13,0755,2019,2,9,23,45
1549727100000,12-0002,18875509219,1,13,0755,2019,2,9,23,45
1549727100000,18-0005,18875509245,1,13,0755,2019,2,9,23,45
1549727100000,9-0019,18875509251,1,13,0755,2019,2,9,23,45
1549727100000,7-0001,18875509307,3,22,0,2019,2,9,23,45
1549727100000,19-0010,18875509310,1,13,0755,2019,2,9,23,45
1549727100000,18-0002,18875509312,1,13,0755,2019,2,9,23,45
1549727100000,6-0005,18875509324,1,13,0755,2019,2,9,23,45
1549727100000,21-0002,18875509350,0,0,0,2019,2,9,23,45
1549727100000,14-0000,18875509352,1,13,0755,2019,2,9,23,45
1549727100000,6-0019,18875509356,1,13,0755,2019,2,9,23,45
1549727100000,14-0010,18875509402,3,10,0,2019,2,9,23,45
1549727100000,13-0000,18875509415,2,13,0758,2019,2,9,23,45
1549727100000,8-0013,18875509453,1,13,0755,2019,2,9,23,45
1549727100000,13-0011,18875509456,1,13,0755,2019,2,9,23,45
1549727100000,16-0014,18875509495,1,13,0755,2019,2,9,23,45
1549727100000,15-0008,18875509496,1,13,0755,2019,2,9,23,45
1549727100000,23-0001,18875509499,1,13,0755,2019,2,9,23,45
1549727100000,15-0009,18875509512,1,13,0755,2019,2,9,23,45
1549727100000,11-0013,18875509519,1,13,0755,2019,2,9,23,45
1549727100000,22-0011,18875509563,1,13,0755,2019,2,9,23,45
1549727100000,18-0000,18875509572,1,13,0755,2019,2,9,23,45
1549727100000,21-0016,18875509613,2,13,020,2019,2,9,23,45
1549727100000,10-0000,18875509645,1,13,0755,2019,2,9,23,45
1549727100000,22-0008,18875509655,1,13,0755,2019,2,9,23,45
1549727100000,15-0011,18875509680,1,13,0755,2019,2,9,23,45
1549727100000,15-0015,18875509744,1,13,0755,2019,2,9,23,45
1549727100000,4-0016,18875509748,1,13,0755,2019,2,9,23,45
1549727100000,15-0000,18875509751,1,13,0755,2019,2,9,23,45
1549727100000,8-0005,18875509754,1,13,0755,2019,2,9,23,45
1549727100000,21-0011,18875509808,3,24,0,2019,2,9,23,45
1549727100000,6-0002,18875509831,1,13,0755,2019,2,9,23,45
1549727100000,20-0009,18875509840,1,13,0755,2019,2,9,23,45
1549727100000,22-0009,18875509850,0,0,0,2019,2,9,23,45
1549727100000,12-0017,18875509880,1,13,0755,2019,2,9,23,45
1549727100000,22-0006,18875509904,3,12,0,2019,2,9,23,45
1549727100000,4-0009,18875509906,3,21,0,2019,2,9,23,45
1549727100000,6-0002,18875509963,1,13,0755,2019,2,9,23,45
1549727100000,9-0011,18875509966,1,13,0755,2019,2,9,23,45
