1549903500000,24-0007,18875500001,4,0,0,2019,2,12,0,45
1549903500000,24-0012,18875500012,1,13,0755,2019,2,12,0,45
1549903500000,19-0014,18875500065,1,13,0755,2019,2,12,0,45
1549903500000,13-0003,18875500073,1,13,0755,2019,2,12,0,45
1549903500000,12-0006,18875500091,1,13,0755,2019,2,12,0,45
1549903500000,21-0013,18875500104,3,12,0,2019,2,12,0,45
1549903500000,15-0012,18875500115,2,13,0758,2019,2,12,0,45
1549903500000,22-0002,18875500118,2,13,0757,2019,2,12,0,45
1549903500000,9-0002,18875500133,1,13,0755,2019,2,12,0,45
1549903500000,20-0011,18875500138,1,13,0755,2019,2,12,0,45
1549903500000,18-0002,18875500146,1,13,0755,2019,2,12,0,45
1549903500000,22-0007,18875500157,1,13,0755,2019,2,12,0,45
1549903500000,9-0007,18875500162,1,13,0755,2019,2,12,0,45
1549903500000,9-0009,18875500213,2,13,020,2019,2,12,0,45
1549903500000,21-0010,18875500219,1,13,0755,2019,2,12,0,45
1549903500000,15-0014,18875500224,1,13,0755,2019,2,12,0,45
1549903500000,8-0012,18875500248,1,13,0755,2019,2,12,0,45
1549903500000,17-0014,18875500253,1,13,0755,2019,2,12,0,45
1549903500000,8-0000,18875500267,1,13,0755,2019,2,12,0,45
1549903500000,15-0000,18875500271,1,13,0755,2019,2,12,0,45
1549903500000,23-0018,18875500283,1,13,0755,2019,2,12,0,45
1549903500000,14-0005,18875500295,1,13,0755,2019,2,12,0,45
1549903500000,13-0018,18875500313,2,13,020,2019,2,12,0,45
1549903500000,21-0007,18875500316,2,13,0753,2019,2,12,0,45
1549903500000,14-0006,18875500324,1,13,0755,2019,2,12,0,45
1549903500000,13-0017,18875500336,1,13,0755,2019,2,12,0,45
1549903500000,15-0003,18875500345,1,13,0755,2019,2,12,0,45
1549903500000,21-0008,18875500350,0,0,0,2019,2,12,0,45
1549903500000,11-0017,18875500486,1,13,0755,2019,2,12,0,45
1549903500000,4-0019,18875500497,1,13,0755,2019,2,12,0,45
1549903500000,20-0003,18875500538,1,13,0755,2019,2,12,0,45
1549903500000,6-0013,18875500543,1,13,0755,2019,2,12,0,45
1549903500000,6-0011,18875500594,1,13,0755,2019,2,12,0,45
1549903500000,13-0006,18875500599,1,13,0755,2019,2,12,0,45
1549903500000,12-0010,18875500617,2,13,0752,2019,2,12,0,45
1549903500000,7-0003,18875500621,1,13,0755,2019,2,12,0,45
1549903500000,22-0010,18875500625,1,13,0755,2019,2,12,0,45
1549903500000,18-0017,18875500629,1,13,0755,2019,2,12,0,45
1549903500000,7-0004,18875500640,1,13,0755,2019,2,12,0,45
1549903500000,20-0012,18875500652,1,13,0755,2019,2,12,0,45
1549903500000,17-0003,18875500653,1,13,0755,2019,2,12,0,45
1549903500000,5-0000,18875500657,1,13,0755,2019,2,12,0,45
1549903500000,5-0015,18875500669,1,13,0755,2019,2,12,0,45
1549903500000,5-0003,18875500706,3,21,0,2019,2,12,0,45
1549903500000,4-0019,18875500788,1,13,0755,2019,2,12,0,45
1549903500000,19-0012,18875500812,1,13,0755,2019,2,12,0,45
1549903500000,12-0014,18875500813,2,13,020,2019,2,12,0,45
1549903500000,23-0018,18875500853,1,13,0755,2019,2,12,0,45
1549903500000,23-0011,18875500860,1,13,0755,2019,2,12,0,45
1549903500000,8-0016,18875500906,3,21,0,2019,2,12,0,45
1549903500000,10-0004,18875500915,2,13,0758,2019,2,12,0,45
1549903500000,22-0010,18875500949,1,13,0755,2019,2,12,0,45
1549903500000,23-0019,18875500952,1,13,0755,2019,2,12,0,45
1549903500000,4-0013,18875501014,2,13,0750,2019,2,12,0,45
1549903500000,4-0004,18875501091,1,13,0755,2019,2,12,0,45
1549903500000,22-0007,18875501125,1,13,0755,2019,2,12,0,45
1549903500000,7-0014,18875501127,1,13,0755,2019,2,12,0,45
1549903500000,11-0004,18875501133,1,13,0755,2019,2,12,0,45
1549903500000,4-0017,18875501138,1,13,0755,2019,2,12,0,45
1549903500000,20-0014,18875501162,1,13,0755,2019,2,12,0,45
1549903500000,24-0009,18875501169,1,13,0755,2019,2,12,0,45
1549903500000,8-0013,18875501239,1,13,0755,2019,2,12,0,45
1549903500000,22-0002,18875501275,1,13,0755,2019,2,12,0,45
1549903500000,19-0011,18875501283,1,13,0755,2019,2,12,0,45
1549903500000,16-0014,18875501289,1,13,0755,2019,2,12,0,45
1549903500000,12-0005,18875501290,1,13,0755,2019,2,12,0,45
1549903500000,9-0019,18875501291,1,13,0755,2019,2,12,0,45
1549903500000,9-0018,18875501336,1,13,0755,2019,2,12,0,45
1549903500000,14-0004,18875501340,1,13,0755,2019,2,12,0,45
1549903500000,12-0005,18875501422,1,13,0755,2019,2,12,0,45
1549903500000,16-0008,18875501423,1,13,0755,2019,2,12,0,45
1549903500000,5-0012,18875501453,1,13,0755,2019,2,12,0,45
1549903500000,12-0000,18875501456,1,13,0755,2019,2,12,0,45
1549903500000,13-0014,18875501470,1,13,0755,2019,2,12,0,45
1549903500000,18-0019,18875501475,1,13,0755,2019,2,12,0,45
1549903500000,11-0006,18875501509,1,13,0755,2019,2,12,0,45
1549903500000,14-0015,18875501521,1,13,0755,2019,2,12,0,45
1549903500000,22-0011,18875501528,1,13,0755,2019,2,12,0,45
1549903500000,5-0001,18875501569,1,13,0755,2019,2,12,0,45
1549903500000,6-0010,18875501579,1,13,0755,2019,2,12,0,45
1549903500000,21-0011,18875501609,1,13,0755,2019,2,12,0,45
1549903500000,12-0003,18875501621,1,13,0755,2019,2,12,0,45
1549903500000,20-0013,18875501636,1,13,0755,2019,2,12,0,45
1549903500000,14-0002,18875501654,1,13,0755,2019,2,12,0,45
1549903500000,12-0012,18875501670,1,13,0755,2019,2,12,0,45
1549903500000,20-0019,18875501700,1,13,0755,2019,2,12,0,45
1549903500000,12-0011,18875501741,1,13,0755,2019,2,12,0,45
1549903500000,18-0016,18875501776,1,13,0755,2019,2,12,0,45
1549903500000,4-0005,18875501790,1,13,0755,2019,2,12,0,45
1549903500000,6-0013,18875501809,1,13,0755,2019,2,12,0,45
1549903500000,9-0019,18875501829,1,13,0755,2019,2,12,0,45
1549903500000,22-0011,18875501859,1,13,0755,2019,2,12,0,45
1549903500000,9-0010,18875501861,1,13,0755,2019,2,12,0,45
1549903500000,6-0009,18875501870,1,13,0755,2019,2,12,0,45
1549903500000,17-0006,18875501888,1,13,0755,2019,2,12,0,45
1549903500000,14-0003,18875501912,1,13,0755,2019,2,12,0,45
1549903500000,11-0009,18875501922,1,13,0755,2019,2,12,0,45
1549903500000,21-0010,18875501973,1,13,0755,2019,2,12,0,45
1549903500000,13-0011,18875501987,1,13,0755,2019,2,12,0,45
1549903500000,24-0018,18875502026,1,13,0755,2019,2,12,0,45
1549903500000,10-0009,18875502053,1,13,0755,2019,2,12,0,45
1549903500000,12-0015,18875502061,1,13,0755,2019,2,12,0,45
1549903500000,12-0007,18875502116,2,13,0753,2019,2,12,0,45
1549903500000,9-0008,18875502117,2,13,0752,2019,2,12,0,45
1549903500000,12-0008,18875502127,1,13,0755,2019,2,12,0,45
1549903500000,24-0019,18875502205,3,14,0,2019,2,12,0,45
1549903500000,23-0006,18875502260,1,13,0755,2019,2,12,0,45
1549903500000,6-0005,18875502359,1,13,0755,2019,2,12,0,45
1549903500000,18-0019,18875502363,1,13,0755,2019,2,12,0,45
1549903500000,18-0005,18875502378,1,13,0755,2019,2,12,0,45
1549903500000,12-0019,18875502379,1,13,0755,2019,2,12,0,45
1549903500000,13-0014,18875502407,3,22,0,2019,2,12,0,45
1549903500000,8-0003,18875502502,3,10,0,2019,2,12,0,45
1549903500000,20-0004,18875502575,1,13,0755,2019,2,12,0,45
1549903500000,24-0017,18875502662,1,13,0755,2019,2,12,0,45
1549903500000,22-0017,18875502704,3,12,0,2019,2,12,0,45
1549903500000,14-0001,18875502720,1,13,0755,2019,2,12,0,45
1549903500000,22-0008,18875502722,1,13,0755,2019,2,12,0,45
1549903500000,21-0011,18875502741,1,13,0755,2019,2,12,0,45
1549903500000,13-0016,18875502744,1,13,0755,2019,2,12,0,45
1549903500000,5-0016,18875502749,1,13,0755,2019,2,12,0,45
1549903500000,17-0017,18875502811,1,13,0755,2019,2,12,0,45
1549903500000,21-0017,18875502839,1,13,0755,2019,2,12,0,45
1549903500000,4-0015,18875502863,1,13,0755,2019,2,12,0,45
1549903500000,17-0003,18875502899,1,13,0755,2019,2,12,0,45
1549903500000,9-0014,18875502963,1,13,0755,2019,2,12,0,45
1549903500000,10-0012,18875502993,1,13,0755,2019,2,12,0,45
1549903500000,17-0003,18875503056,1,13,0755,2019,2,12,0,45
1549903500000,18-0014,18875503077,1,13,0755,2019,2,12,0,45
1549903500000,13-0012,18875503114,2,13,0750,2019,2,12,0,45
1549903500000,20-0019,18875503121,1,13,0755,2019,2,12,0,45
1549903500000,13-0000,18875503126,1,13,0755,2019,2,12,0,45
1549903500000,21-0005,18875503138,1,13,0755,2019,2,12,0,45
1549903500000,5-0005,18875503173,1,13,0755,2019,2,12,0,45
1549903500000,7-0017,18875503174,1,13,0755,2019,2,12,0,45
1549903500000,17-0002,18875503197,1,13,0755,2019,2,12,0,45
1549903500000,11-0015,18875503200,1,13,0755,2019,2,12,0,45
1549903500000,4-0002,18875503201,4,0,0,2019,2,12,0,45
1549903500000,17-0014,18875503204,3,12,0,2019,2,12,0,45
1549903500000,19-0012,18875503212,1,13,0755,2019,2,12,0,45
1549903500000,21-0016,18875503255,1,13,0755,2019,2,12,0,45
1549903500000,15-0007,18875503296,1,13,0755,2019,2,12,0,45
1549903500000,6-0018,18875503305,3,14,0,2019,2,12,0,45
1549903500000,19-0015,18875503339,1,13,0755,2019,2,12,0,45
1549903500000,14-0015,18875503391,1,13,0755,2019,2,12,0,45
1549903500000,11-0018,18875503461,1,13,0755,2019,2,12,0,45
1549903500000,13-0019,18875503465,1,13,0755,2019,2,12,0,45
1549903500000,22-0002,18875503538,1,13,0755,2019,2,12,0,45
1549903500000,12-0010,18875503560,1,13,0755,2019,2,12,0,45
1549903500000,13-0003,18875503564,1,13,0755,2019,2,12,0,45
1549903500000,21-0013,18875503581,1,13,0755,2019,2,12,0,45
1549903500000,22-0018,18875503589,1,13,0755,2019,2,12,0,45
1549903500000,10-0014,18875503618,2,13,0757,2019,2,12,0,45
1549903500000,20-0014,18875503659,1,13,0755,2019,2,12,0,45
1549903500000,24-0012,18875503660,1,13,0755,2019,2,12,0,45
1549903500000,12-0010,18875503663,1,13,0755,2019,2,12,0,45
1549903500000,8-0004,18875503714,2,13,0750,2019,2,12,0,45
1549903500000,11-0008,18875503737,1,13,0755,2019,2,12,0,45
1549903500000,18-0018,18875503769,1,13,0755,2019,2,12,0,45
1549903500000,7-0009,18875503783,1,13,0755,2019,2,12,0,45
1549903500000,18-0003,18875503784,1,13,0755,2019,2,12,0,45
1549903500000,15-0016,18875503818,2,13,0757,2019,2,12,0,45
1549903500000,19-0002,18875503846,1,13,0755,2019,2,12,0,45
1549903500000,18-0014,18875503861,1,13,0755,2019,2,12,0,45
1549903500000,6-0009,18875503901,4,0,0,2019,2,12,0,45
1549903500000,18-0016,18875503928,1,13,0755,2019,2,12,0,45
1549903500000,23-0014,18875503940,1,13,0755,2019,2,12,0,45
1549903500000,19-0019,18875503974,1,13,0755,2019,2,12,0,45
1549903500000,13-0016,18875503991,1,13,0755,2019,2,12,0,45
1549903500000,19-0013,18875504042,1,13,0755,2019,2,12,0,45
1549903500000,21-0019,18875504062,1,13,0755,2019,2,12,0,45
1549903500000,10-0009,18875504072,1,13,0755,2019,2,12,0,45
1549903500000,5-0018,18875504084,1,13,0755,2019,2,12,0,45
1549903500000,13-0012,18875504098,1,13,0755,2019,2,12,0,45
1549903500000,16-0000,18875504122,1,13,0755,2019,2,12,0,45
1549903500000,5-0013,18875504162,1,13,0755,2019,2,12,0,45
1549903500000,9-0007,18875504168,1,13,0755,2019,2,12,0,45
1549903500000,10-0019,18875504172,1,13,0755,2019,2,12,0,45
1549903500000,16-0006,18875504178,1,13,0755,2019,2,12,0,45
1549903500000,13-0017,18875504180,1,13,0755,2019,2,12,0,45
1549903500000,17-0003,18875504279,1,13,0755,2019,2,12,0,45
1549903500000,15-0005,18875504334,1,13,0755,2019,2,12,0,45
1549903500000,7-0002,18875504342,1,13,0755,2019,2,12,0,45
1549903500000,8-0012,18875504351,1,13,0755,2019,2,12,0,45
1549903500000,7-0005,18875504352,1,13,0755,2019,2,12,0,45
1549903500000,16-0006,18875504356,1,13,0755,2019,2,12,0,45
1549903500000,11-0007,18875504395,1,13,0755,2019,2,12,0,45
1549903500000,12-0003,18875504401,4,0,0,2019,2,12,0,45
1549903500000,4-0007,18875504532,1,13,0755,2019,2,12,0,45
1549903500000,15-0011,18875504572,1,13,0755,2019,2,12,0,45
1549903500000,15-0001,18875504602,3,10,0,2019,2,12,0,45
1549903500000,24-0017,18875504610,1,13,0755,2019,2,12,0,45
1549903500000,14-0002,18875504645,1,13,0755,2019,2,12,0,45
1549903500000,10-0011,18875504654,1,13,0755,2019,2,12,0,45
1549903500000,19-0016,18875504672,1,13,0755,2019,2,12,0,45
1549903500000,24-0005,18875504713,2,13,020,2019,2,12,0,45
1549903500000,18-0016,18875504730,1,13,0755,2019,2,12,0,45
1549903500000,12-0012,18875504736,1,13,0755,2019,2,12,0,45
1549903500000,4-0018,18875504753,1,13,0755,2019,2,12,0,45
1549903500000,6-0015,18875504754,1,13,0755,2019,2,12,0,45
1549903500000,9-0016,18875504816,2,13,0753,2019,2,12,0,45
1549903500000,16-0009,18875504825,1,13,0755,2019,2,12,0,45
1549903500000,15-0006,18875504849,1,13,0755,2019,2,12,0,45
1549903500000,16-0000,18875504851,1,13,0755,2019,2,12,0,45
1549903500000,21-0002,18875504905,3,14,0,2019,2,12,0,45
1549903500000,21-0004,18875504912,1,13,0755,2019,2,12,0,45
1549903500000,16-0017,18875504925,1,13,0755,2019,2,12,0,45
1549903500000,21-0000,18875504937,1,13,0755,2019,2,12,0,45
1549903500000,4-0007,18875504938,1,13,0755,2019,2,12,0,45
1549903500000,15-0013,18875504974,1,13,0755,2019,2,12,0,45
1549903500000,15-0011,18875505118,2,13,0757,2019,2,12,0,45
1549903500000,23-0003,18875505138,1,13,0755,2019,2,12,0,45
1549903500000,16-0009,18875505157,1,13,0755,2019,2,12,0,45
1549903500000,9-0000,18875505204,3,12,0,2019,2,12,0,45
1549903500000,21-0000,18875505235,1,13,0755,2019,2,12,0,45
1549903500000,4-0004,18875505279,1,13,0755,2019,2,12,0,45
1549903500000,10-0001,18875505299,1,13,0755,2019,2,12,0,45
1549903500000,24-0017,18875505310,1,13,0755,2019,2,12,0,45
1549903500000,4-0017,18875505343,1,13,0755,2019,2,12,0,45
1549903500000,17-0007,18875505359,1,13,0755,2019,2,12,0,45
1549903500000,24-0008,18875505362,1,13,0755,2019,2,12,0,45
1549903500000,8-0006,18875505401,4,0,0,2019,2,12,0,45
1549903500000,10-0015,18875505412,1,13,0755,2019,2,12,0,45
1549903500000,21-0001,18875505427,1,13,0755,2019,2,12,0,45
1549903500000,19-0014,18875505460,1,13,0755,2019,2,12,0,45
1549903500000,19-0014,18875505465,1,13,0755,2019,2,12,0,45
1549903500000,21-0000,18875505499,1,13,0755,2019,2,12,0,45
1549903500000,19-0018,18875505539,1,13,0755,2019,2,12,0,45
1549903500000,21-0015,18875505543,1,13,0755,2019,2,12,0,45
1549903500000,10-0004,18875505549,1,13,0755,2019,2,12,0,45
1549903500000,5-0001,18875505550,0,0,0,2019,2,12,0,45
1549903500000,6-0008,18875505701,4,0,0,2019,2,12,0,45
1549903500000,10-0013,18875505708,3,24,0,2019,2,12,0,45
1549903500000,7-0002,18875505711,1,13,0755,2019,2,12,0,45
1549903500000,4-0018,18875505770,1,13,0755,2019,2,12,0,45
1549903500000,19-0002,18875505814,2,13,0750,2019,2,12,0,45
1549903500000,4-0003,18875505815,2,13,0758,2019,2,12,0,45
1549903500000,4-0001,18875505826,1,13,0755,2019,2,12,0,45
1549903500000,5-0000,18875505849,1,13,0755,2019,2,12,0,45
1549903500000,5-0008,18875505851,1,13,0755,2019,2,12,0,45
1549903500000,17-0012,18875505857,1,13,0755,2019,2,12,0,45
1549903500000,17-0009,18875505929,1,13,0755,2019,2,12,0,45
1549903500000,13-0015,18875505956,1,13,0755,2019,2,12,0,45
1549903500000,15-0018,18875506031,1,13,0755,2019,2,12,0,45
1549903500000,7-0009,18875506053,1,13,0755,2019,2,12,0,45
1549903500000,11-0015,18875506081,1,13,0755,2019,2,12,0,45
1549903500000,24-0009,18875506087,1,13,0755,2019,2,12,0,45
1549903500000,6-0002,18875506116,2,13,0753,2019,2,12,0,45
1549903500000,22-0018,18875506129,1,13,0755,2019,2,12,0,45
1549903500000,24-0000,18875506143,1,13,0755,2019,2,12,0,45
1549903500000,20-0015,18875506146,1,13,0755,2019,2,12,0,45
1549903500000,22-0014,18875506167,1,13,0755,2019,2,12,0,45
1549903500000,22-0018,18875506180,1,13,0755,2019,2,12,0,45
1549903500000,18-0011,18875506215,2,13,0758,2019,2,12,0,45
1549903500000,15-0015,18875506248,1,13,0755,2019,2,12,0,45
1549903500000,16-0006,18875506253,1,13,0755,2019,2,12,0,45
1549903500000,18-0019,18875506262,1,13,0755,2019,2,12,0,45
1549903500000,18-0011,18875506347,1,13,0755,2019,2,12,0,45
1549903500000,9-0017,18875506357,1,13,0755,2019,2,12,0,45
1549903500000,22-0007,18875506391,1,13,0755,2019,2,12,0,45
1549903500000,16-0014,18875506439,1,13,0755,2019,2,12,0,45
1549903500000,23-0002,18875506465,1,13,0755,2019,2,12,0,45
1549903500000,7-0001,18875506482,1,13,0755,2019,2,12,0,45
1549903500000,8-0000,18875506489,1,13,0755,2019,2,12,0,45
1549903500000,11-0017,18875506509,1,13,0755,2019,2,12,0,45
1549903500000,9-0007,18875506519,1,13,0755,2019,2,12,0,45
1549903500000,10-0006,18875506521,1,13,0755,2019,2,12,0,45
1549903500000,17-0018,18875506544,1,13,0755,2019,2,12,0,45
1549903500000,22-0000,18875506550,0,0,0,2019,2,12,0,45
1549903500000,20-0003,18875506560,1,13,0755,2019,2,12,0,45
1549903500000,8-0011,18875506588,1,13,0755,2019,2,12,0,45
1549903500000,20-0014,18875506626,1,13,0755,2019,2,12,0,45
1549903500000,21-0017,18875506639,1,13,0755,2019,2,12,0,45
1549903500000,16-0014,18875506675,1,13,0755,2019,2,12,0,45
1549903500000,21-0000,18875506689,1,13,0755,2019,2,12,0,45
1549903500000,7-0011,18875506698,1,13,0755,2019,2,12,0,45
1549903500000,18-0012,18875506706,3,21,0,2019,2,12,0,45
1549903500000,24-0012,18875506714,2,13,0750,2019,2,12,0,45
1549903500000,8-0017,18875506732,1,13,0755,2019,2,12,0,45
1549903500000,9-0008,18875506773,1,13,0755,2019,2,12,0,45
1549903500000,8-0012,18875506776,1,13,0755,2019,2,12,0,45
1549903500000,7-0014,18875506826,1,13,0755,2019,2,12,0,45
1549903500000,23-0006,18875506853,1,13,0755,2019,2,12,0,45
1549903500000,12-0019,18875506907,3,22,0,2019,2,12,0,45
1549903500000,12-0008,18875506949,1,13,0755,2019,2,12,0,45
1549903500000,18-0005,18875506962,1,13,0755,2019,2,12,0,45
1549903500000,13-0019,18875506972,1,13,0755,2019,2,12,0,45
1549903500000,18-0006,18875506988,1,13,0755,2019,2,12,0,45
1549903500000,12-0014,18875507026,1,13,0755,2019,2,12,0,45
1549903500000,19-0012,18875507041,1,13,0755,2019,2,12,0,45
1549903500000,6-0006,18875507090,1,13,0755,2019,2,12,0,45
1549903500000,19-0018,18875507099,1,13,0755,2019,2,12,0,45
1549903500000,5-0005,18875507135,1,13,0755,2019,2,12,0,45
1549903500000,21-0003,18875507142,1,13,0755,2019,2,12,0,45
1549903500000,12-0014,18875507184,1,13,0755,2019,2,12,0,45
1549903500000,13-0012,18875507188,1,13,0755,2019,2,12,0,45
1549903500000,20-0004,18875507205,3,14,0,2019,2,12,0,45
1549903500000,15-0002,18875507206,3,21,0,2019,2,12,0,45
1549903500000,23-0016,18875507244,1,13,0755,2019,2,12,0,45
1549903500000,9-0015,18875507264,1,13,0755,2019,2,12,0,45
1549903500000,4-0014,18875507286,1,13,0755,2019,2,12,0,45
1549903500000,7-0016,18875507311,1,13,0755,2019,2,12,0,45
1549903500000,21-0001,18875507320,1,13,0755,2019,2,12,0,45
1549903500000,13-0010,18875507340,1,13,0755,2019,2,12,0,45
1549903500000,6-0008,18875507352,1,13,0755,2019,2,12,0,45
1549903500000,11-0009,18875507353,1,13,0755,2019,2,12,0,45
1549903500000,12-0015,18875507503,3,11,0,2019,2,12,0,45
1549903500000,6-0007,18875507534,1,13,0755,2019,2,12,0,45
1549903500000,14-0016,18875507559,1,13,0755,2019,2,12,0,45
1549903500000,21-0001,18875507604,3,12,0,2019,2,12,0,45
1549903500000,18-0017,18875507654,1,13,0755,2019,2,12,0,45
1549903500000,6-0015,18875507655,1,13,0755,2019,2,12,0,45
1549903500000,5-0019,18875507660,1,13,0755,2019,2,12,0,45
1549903500000,4-0010,18875507672,1,13,0755,2019,2,12,0,45
1549903500000,21-0011,18875507680,1,13,0755,2019,2,12,0,45
1549903500000,12-0015,18875507698,1,13,0755,2019,2,12,0,45
1549903500000,20-0015,18875507699,1,13,0755,2019,2,12,0,45
1549903500000,13-0009,18875507758,1,13,0755,2019,2,12,0,45
1549903500000,11-0016,18875507791,1,13,0755,2019,2,12,0,45
1549903500000,22-0005,18875507793,1,13,0755,2019,2,12,0,45
1549903500000,9-0017,18875507799,1,13,0755,2019,2,12,0,45
1549903500000,7-0016,18875507805,3,14,0,2019,2,12,0,45
1549903500000,7-0009,18875507816,2,13,0753,2019,2,12,0,45
1549903500000,6-0008,18875507850,0,0,0,2019,2,12,0,45
1549903500000,8-0006,18875507857,1,13,0755,2019,2,12,0,45
1549903500000,15-0018,18875507880,1,13,0755,2019,2,12,0,45
1549903500000,5-0007,18875507900,1,13,0755,2019,2,12,0,45
1549903500000,17-0006,18875507950,0,0,0,2019,2,12,0,45
1549903500000,13-0012,18875507966,1,13,0755,2019,2,12,0,45
1549903500000,14-0009,18875507988,1,13,0755,2019,2,12,0,45
1549903500000,23-0001,18875508000,1,13,0755,2019,2,12,0,45
1549903500000,14-0005,18875508052,1,13,0755,2019,2,12,0,45
1549903500000,14-0014,18875508056,1,13,0755,2019,2,12,0,45
1549903500000,19-0001,18875508064,1,13,0755,2019,2,12,0,45
1549903500000,23-0018,18875508076,1,13,0755,2019,2,12,0,45
1549903500000,22-0000,18875508079,1,13,0755,2019,2,12,0,45
1549903500000,7-0006,18875508146,1,13,0755,2019,2,12,0,45
1549903500000,20-0014,18875508179,1,13,0755,2019,2,12,0,45
1549903500000,8-0018,18875508261,1,13,0755,2019,2,12,0,45
1549903500000,12-0013,18875508273,1,13,0755,2019,2,12,0,45
1549903500000,16-0019,18875508303,3,11,0,2019,2,12,0,45
1549903500000,7-0012,18875508311,1,13,0755,2019,2,12,0,45
1549903500000,4-0007,18875508327,1,13,0755,2019,2,12,0,45
1549903500000,9-0001,18875508328,1,13,0755,2019,2,12,0,45
1549903500000,7-0006,18875508334,1,13,0755,2019,2,12,0,45
1549903500000,16-0008,18875508338,1,13,0755,2019,2,12,0,45
1549903500000,18-0002,18875508355,1,13,0755,2019,2,12,0,45
1549903500000,7-0004,18875508412,1,13,0755,2019,2,12,0,45
1549903500000,10-0018,18875508413,2,13,020,2019,2,12,0,45
1549903500000,10-0019,18875508414,2,13,0750,2019,2,12,0,45
1549903500000,4-0016,18875508419,1,13,0755,2019,2,12,0,45
1549903500000,19-0019,18875508455,1,13,0755,2019,2,12,0,45
1549903500000,15-0015,18875508463,1,13,0755,2019,2,12,0,45
1549903500000,21-0017,18875508492,1,13,0755,2019,2,12,0,45
1549903500000,12-0007,18875508497,1,13,0755,2019,2,12,0,45
1549903500000,5-0002,18875508505,3,14,0,2019,2,12,0,45
1549903500000,10-0003,18875508506,3,21,0,2019,2,12,0,45
1549903500000,17-0000,18875508550,0,0,0,2019,2,12,0,45
1549903500000,19-0000,18875508556,1,13,0755,2019,2,12,0,45
1549903500000,23-0001,18875508562,1,13,0755,2019,2,12,0,45
1549903500000,20-0005,18875508566,1,13,0755,2019,2,12,0,45
1549903500000,23-0005,18875508577,1,13,0755,2019,2,12,0,45
1549903500000,8-0001,18875508599,1,13,0755,2019,2,12,0,45
1549903500000,9-0018,18875508608,3,24,0,2019,2,12,0,45
1549903500000,10-0005,18875508632,1,13,0755,2019,2,12,0,45
1549903500000,18-0008,18875508638,1,13,0755,2019,2,12,0,45
1549903500000,12-0015,18875508670,1,13,0755,2019,2,12,0,45
1549903500000,4-0000,18875508685,1,13,0755,2019,2,12,0,45
1549903500000,16-0014,18875508692,1,13,0755,2019,2,12,0,45
1549903500000,14-0008,18875508711,1,13,0755,2019,2,12,0,45
1549903500000,24-0012,18875508723,1,13,0755,2019,2,12,0,45
1549903500000,9-0005,18875508724,1,13,0755,2019,2,12,0,45
1549903500000,11-0017,18875508753,1,13,0755,2019,2,12,0,45
1549903500000,6-0003,18875508852,1,13,0755,2019,2,12,0,45
1549903500000,7-0016,18875508874,1,13,0755,2019,2,12,0,45
1549903500000,20-0014,18875508891,1,13,0755,2019,2,12,0,45
1549903500000,20-0011,18875508931,1,13,0755,2019,2,12,0,45
1549903500000,11-0001,18875508938,1,13,0755,2019,2,12,0,45
1549903500000,13-0014,18875508960,1,13,0755,2019,2,12,0,45
1549903500000,16-0004,18875508987,1,13,0755,2019,2,12,0,45
1549903500000,15-0003,18875508991,1,13,0755,2019,2,12,0,45
1549903500000,24-0015,18875509001,4,0,0,2019,2,12,0,45
1549903500000,17-0007,18875509039,1,13,0755,2019,2,12,0,45
1549903500000,7-0017,18875509109,1,13,0755,2019,2,12,0,45
1549903500000,22-0014,18875509112,1,13,0755,2019,2,12,0,45
1549903500000,24-0008,18875509139,1,13,0755,2019,2,12,0,45
1549903500000,20-0013,18875509172,1,13,0755,2019,2,12,0,45
1549903500000,16-0002,18875509193,1,13,0755,2019,2,12,0,45
1549903500000,5-0010,18875509200,1,13,0755,2019,2,12,0,45
1549903500000,11-0016,18875509214,2,13,0750,2019,2,12,0,45
1549903500000,20-0007,18875509346,1,13,0755,2019,2,12,0,45
1549903500000,8-0001,18875509403,3,11,0,2019,2,12,0,45
1549903500000,22-0011,18875509438,1,13,0755,2019,2,12,0,45
1549903500000,24-0009,18875509449,1,13,0755,2019,2,12,0,45
1549903500000,10-0016,18875509475,1,13,0755,2019,2,12,0,45
1549903500000,8-0001,18875509486,1,13,0755,2019,2,12,0,45
1549903500000,22-0017,18875509498,1,13,0755,2019,2,12,0,45
1549903500000,11-0019,18875509502,3,10,0,2019,2,12,0,45
1549903500000,7-0004,18875509516,2,13,0753,2019,2,12,0,45
1549903500000,6-0003,18875509688,1,13,0755,2019,2,12,0,45
1549903500000,11-0002,18875509691,1,13,0755,2019,2,12,0,45
1549903500000,13-0000,18875509727,1,13,0755,2019,2,12,0,45
1549903500000,18-0008,18875509741,1,13,0755,2019,2,12,0,45
1549903500000,14-0018,18875509763,1,13,0755,2019,2,12,0,45
1549903500000,21-0018,18875509771,1,13,0755,2019,2,12,0,45
1549903500000,6-0007,18875509812,1,13,0755,2019,2,12,0,45
1549903500000,10-0002,18875509858,1,13,0755,2019,2,12,0,45
1549903500000,4-0009,18875509920,1,13,0755,2019,2,12,0,45
1549903500000,24-0012,18875509932,1,13,0755,2019,2,12,0,45
1549903500000,8-0017,18875509937,1,13,0755,2019,2,12,0,45
