1550070000000,23-0008,18875500032,1,13,0755,2019,2,13,23,0
1550070000000,6-0019,18875500035,1,13,0755,2019,2,13,23,0
1550070000000,20-0003,18875500051,1,13,0755,2019,2,13,23,0
1550070000000,19-0004,18875500060,1,13,0755,2019,2,13,23,0
1550070000000,5-0005,18875500068,1,13,0755,2019,2,13,23,0
1550070000000,17-0005,18875500069,1,13,0755,2019,2,13,23,0
1550070000000,6-0018,18875500082,1,13,0755,2019,2,13,23,0
1550070000000,21-0002,18875500083,1,13,0755,2019,2,13,23,0
1550070000000,10-0012,18875500092,1,13,0755,2019,2,13,23,0
1550070000000,5-0008,18875500097,1,13,0755,2019,2,13,23,0
1550070000000,18-0010,18875500102,3,10,0,2019,2,13,23,0
1550070000000,12-0006,18875500108,3,24,0,2019,2,13,23,0
1550070000000,4-0003,18875500114,2,13,0750,2019,2,13,23,0
1550070000000,23-0011,18875500118,2,13,0757,2019,2,13,23,0
1550070000000,21-0017,18875500120,1,13,0755,2019,2,13,23,0
1550070000000,22-0002,18875500136,1,13,0755,2019,2,13,23,0
1550070000000,17-0012,18875500145,1,13,0755,2019,2,13,23,0
1550070000000,6-0015,18875500161,1,13,0755,2019,2,13,23,0
1550070000000,8-0003,18875500168,1,13,0755,2019,2,13,23,0
1550070000000,7-0001,18875500170,1,13,0755,2019,2,13,23,0
1550070000000,5-0002,18875500176,1,13,0755,2019,2,13,23,0
1550070000000,21-0011,18875500187,1,13,0755,2019,2,13,23,0
1550070000000,9-0002,18875500222,1,13,0755,2019,2,13,23,0
1550070000000,7-0013,18875500228,1,13,0755,2019,2,13,23,0
1550070000000,16-0014,18875500231,1,13,0755,2019,2,13,23,0
1550070000000,21-0012,18875500233,1,13,0755,2019,2,13,23,0
1550070000000,19-0011,18875500237,1,13,0755,2019,2,13,23,0
1550070000000,9-0007,18875500240,1,13,0755,2019,2,13,23,0
1550070000000,6-0015,18875500241,1,13,0755,2019,2,13,23,0
1550070000000,8-0010,18875500261,1,13,0755,2019,2,13,23,0
1550070000000,14-0008,18875500269,1,13,0755,2019,2,13,23,0
1550070000000,5-0012,18875500273,1,13,0755,2019,2,13,23,0
1550070000000,21-0000,18875500278,1,13,0755,2019,2,13,23,0
1550070000000,4-0009,18875500279,1,13,0755,2019,2,13,23,0
1550070000000,22-0005,18875500286,1,13,0755,2019,2,13,23,0
1550070000000,24-0015,18875500294,1,13,0755,2019,2,13,23,0
1550070000000,13-0002,18875500297,1,13,0755,2019,2,13,23,0
1550070000000,11-0008,18875500307,3,22,0,2019,2,13,23,0
1550070000000,10-0008,18875500315,2,13,0758,2019,2,13,23,0
1550070000000,13-0010,18875500316,2,13,0753,2019,2,13,23,0
1550070000000,9-0018,18875500323,1,13,0755,2019,2,13,23,0
1550070000000,22-0010,18875500333,1,13,0755,2019,2,13,23,0
1550070000000,21-0008,18875500334,1,13,0755,2019,2,13,23,0
1550070000000,11-0008,18875500340,1,13,0755,2019,2,13,23,0
1550070000000,10-0005,18875500346,1,13,0755,2019,2,13,23,0
1550070000000,11-0015,18875500357,1,13,0755,2019,2,13,23,0
1550070000000,20-0019,18875500359,1,13,0755,2019,2,13,23,0
1550070000000,12-0019,18875500360,1,13,0755,2019,2,13,23,0
1550070000000,13-0011,18875500365,1,13,0755,2019,2,13,23,0
1550070000000,17-0004,18875500379,1,13,0755,2019,2,13,23,0
1550070000000,23-0017,18875500388,1,13,0755,2019,2,13,23,0
1550070000000,6-0017,18875500390,1,13,0755,2019,2,13,23,0
1550070000000,17-0018,18875500398,1,13,0755,2019,2,13,23,0
1550070000000,10-0000,18875500408,3,24,0,2019,2,13,23,0
1550070000000,22-0007,18875500415,2,13,0758,2019,2,13,23,0
1550070000000,9-0012,18875500423,1,13,0755,2019,2,13,23,0
1550070000000,22-0017,18875500425,1,13,0755,2019,2,13,23,0
1550070000000,5-0009,18875500427,1,13,0755,2019,2,13,23,0
1550070000000,13-0015,18875500447,1,13,0755,2019,2,13,23,0
1550070000000,24-0009,18875500449,1,13,0755,2019,2,13,23,0
1550070000000,7-0007,18875500452,1,13,0755,2019,2,13,23,0
1550070000000,6-0015,18875500462,1,13,0755,2019,2,13,23,0
1550070000000,24-0005,18875500463,1,13,0755,2019,2,13,23,0
1550070000000,10-0018,18875500480,1,13,0755,2019,2,13,23,0
1550070000000,18-0008,18875500482,1,13,0755,2019,2,13,23,0
1550070000000,5-0005,18875500484,1,13,0755,2019,2,13,23,0
1550070000000,14-0010,18875500487,1,13,0755,2019,2,13,23,0
1550070000000,6-0011,18875500509,1,13,0755,2019,2,13,23,0
1550070000000,12-0005,18875500514,2,13,0750,2019,2,13,23,0
1550070000000,4-0019,18875500517,2,13,0752,2019,2,13,23,0
1550070000000,6-0011,18875500527,1,13,0755,2019,2,13,23,0
1550070000000,17-0011,18875500530,1,13,0755,2019,2,13,23,0
1550070000000,7-0005,18875500532,1,13,0755,2019,2,13,23,0
1550070000000,9-0017,18875500533,1,13,0755,2019,2,13,23,0
1550070000000,15-0000,18875500535,1,13,0755,2019,2,13,23,0
1550070000000,13-0004,18875500567,1,13,0755,2019,2,13,23,0
1550070000000,24-0004,18875500577,1,13,0755,2019,2,13,23,0
1550070000000,14-0005,18875500598,1,13,0755,2019,2,13,23,0
1550070000000,10-0006,18875500607,3,22,0,2019,2,13,23,0
1550070000000,9-0015,18875500608,3,24,0,2019,2,13,23,0
1550070000000,5-0006,18875500610,1,13,0755,2019,2,13,23,0
1550070000000,6-0017,18875500612,1,13,0755,2019,2,13,23,0
1550070000000,12-0005,18875500622,1,13,0755,2019,2,13,23,0
1550070000000,18-0006,18875500625,1,13,0755,2019,2,13,23,0
1550070000000,22-0004,18875500626,1,13,0755,2019,2,13,23,0
1550070000000,12-0018,18875500637,1,13,0755,2019,2,13,23,0
1550070000000,17-0012,18875500640,1,13,0755,2019,2,13,23,0
1550070000000,20-0018,18875500656,1,13,0755,2019,2,13,23,0
1550070000000,23-0018,18875500673,1,13,0755,2019,2,13,23,0
1550070000000,14-0012,18875500674,1,13,0755,2019,2,13,23,0
1550070000000,24-0011,18875500679,1,13,0755,2019,2,13,23,0
1550070000000,21-0017,18875500681,1,13,0755,2019,2,13,23,0
1550070000000,17-0006,18875500692,1,13,0755,2019,2,13,23,0
1550070000000,10-0008,18875500694,1,13,0755,2019,2,13,23,0
1550070000000,9-0003,18875500697,1,13,0755,2019,2,13,23,0
1550070000000,22-0015,18875500705,3,14,0,2019,2,13,23,0
1550070000000,11-0017,18875500706,3,21,0,2019,2,13,23,0
1550070000000,23-0010,18875500713,2,13,020,2019,2,13,23,0
1550070000000,18-0017,18875500715,2,13,0758,2019,2,13,23,0
1550070000000,13-0008,18875500718,2,13,0757,2019,2,13,23,0
1550070000000,23-0013,18875500721,1,13,0755,2019,2,13,23,0
1550070000000,15-0007,18875500733,1,13,0755,2019,2,13,23,0
1550070000000,7-0015,18875500735,1,13,0755,2019,2,13,23,0
1550070000000,17-0004,18875500738,1,13,0755,2019,2,13,23,0
1550070000000,19-0010,18875500748,1,13,0755,2019,2,13,23,0
1550070000000,17-0004,18875500767,1,13,0755,2019,2,13,23,0
1550070000000,24-0000,18875500769,1,13,0755,2019,2,13,23,0
1550070000000,14-0006,18875500776,1,13,0755,2019,2,13,23,0
1550070000000,19-0013,18875500780,1,13,0755,2019,2,13,23,0
1550070000000,4-0007,18875500796,1,13,0755,2019,2,13,23,0
1550070000000,15-0008,18875500800,1,13,0755,2019,2,13,23,0
1550070000000,21-0008,18875500801,4,0,0,2019,2,13,23,0
1550070000000,6-0018,18875500806,3,21,0,2019,2,13,23,0
1550070000000,11-0007,18875500825,1,13,0755,2019,2,13,23,0
1550070000000,17-0004,18875500826,1,13,0755,2019,2,13,23,0
1550070000000,18-0014,18875500833,1,13,0755,2019,2,13,23,0
1550070000000,8-0009,18875500834,1,13,0755,2019,2,13,23,0
1550070000000,6-0014,18875500836,1,13,0755,2019,2,13,23,0
1550070000000,11-0014,18875500838,1,13,0755,2019,2,13,23,0
1550070000000,16-0008,18875500844,1,13,0755,2019,2,13,23,0
1550070000000,7-0016,18875500847,1,13,0755,2019,2,13,23,0
1550070000000,9-0010,18875500857,1,13,0755,2019,2,13,23,0
1550070000000,12-0002,18875500866,1,13,0755,2019,2,13,23,0
1550070000000,18-0014,18875500883,1,13,0755,2019,2,13,23,0
1550070000000,23-0015,18875500888,1,13,0755,2019,2,13,23,0
1550070000000,18-0008,18875500894,1,13,0755,2019,2,13,23,0
1550070000000,23-0019,18875500905,3,14,0,2019,2,13,23,0
1550070000000,11-0017,18875500906,3,21,0,2019,2,13,23,0
1550070000000,5-0014,18875500910,1,13,0755,2019,2,13,23,0
1550070000000,15-0018,18875500912,1,13,0755,2019,2,13,23,0
1550070000000,21-0001,18875500920,1,13,0755,2019,2,13,23,0
1550070000000,23-0011,18875500922,1,13,0755,2019,2,13,23,0
1550070000000,9-0019,18875500925,1,13,0755,2019,2,13,23,0
1550070000000,6-0010,18875500954,1,13,0755,2019,2,13,23,0
1550070000000,18-0012,18875500955,1,13,0755,2019,2,13,23,0
1550070000000,5-0013,18875500967,1,13,0755,2019,2,13,23,0
1550070000000,9-0012,18875500968,1,13,0755,2019,2,13,23,0
1550070000000,22-0008,18875500973,1,13,0755,2019,2,13,23,0
1550070000000,24-0010,18875500979,1,13,0755,2019,2,13,23,0
1550070000000,5-0004,18875500983,1,13,0755,2019,2,13,23,0
1550070000000,16-0019,18875500993,1,13,0755,2019,2,13,23,0
1550070000000,4-0019,18875500999,1,13,0755,2019,2,13,23,0
1550070000000,17-0013,18875501011,1,13,0755,2019,2,13,23,0
1550070000000,22-0015,18875501012,1,13,0755,2019,2,13,23,0
1550070000000,21-0011,18875501020,1,13,0755,2019,2,13,23,0
1550070000000,12-0000,18875501031,1,13,0755,2019,2,13,23,0
1550070000000,16-0015,18875501038,1,13,0755,2019,2,13,23,0
1550070000000,9-0019,18875501041,1,13,0755,2019,2,13,23,0
1550070000000,12-0008,18875501073,1,13,0755,2019,2,13,23,0
1550070000000,6-0008,18875501082,1,13,0755,2019,2,13,23,0
1550070000000,6-0009,18875501092,1,13,0755,2019,2,13,23,0
1550070000000,17-0005,18875501098,1,13,0755,2019,2,13,23,0
1550070000000,13-0007,18875501104,3,12,0,2019,2,13,23,0
1550070000000,4-0012,18875501111,1,13,0755,2019,2,13,23,0
1550070000000,5-0003,18875501124,1,13,0755,2019,2,13,23,0
1550070000000,21-0016,18875501127,1,13,0755,2019,2,13,23,0
1550070000000,5-0018,18875501138,1,13,0755,2019,2,13,23,0
1550070000000,7-0001,18875501143,1,13,0755,2019,2,13,23,0
1550070000000,15-0003,18875501154,1,13,0755,2019,2,13,23,0
1550070000000,20-0013,18875501155,1,13,0755,2019,2,13,23,0
1550070000000,14-0010,18875501159,1,13,0755,2019,2,13,23,0
1550070000000,5-0012,18875501164,1,13,0755,2019,2,13,23,0
1550070000000,11-0013,18875501165,1,13,0755,2019,2,13,23,0
1550070000000,11-0002,18875501166,1,13,0755,2019,2,13,23,0
1550070000000,14-0013,18875501169,1,13,0755,2019,2,13,23,0
1550070000000,13-0019,18875501170,1,13,0755,2019,2,13,23,0
1550070000000,13-0006,18875501171,1,13,0755,2019,2,13,23,0
1550070000000,10-0008,18875501174,1,13,0755,2019,2,13,23,0
1550070000000,7-0005,18875501176,1,13,0755,2019,2,13,23,0
1550070000000,12-0012,18875501188,1,13,0755,2019,2,13,23,0
1550070000000,11-0011,18875501201,4,0,0,2019,2,13,23,0
1550070000000,17-0006,18875501212,1,13,0755,2019,2,13,23,0
1550070000000,16-0019,18875501214,2,13,0750,2019,2,13,23,0
1550070000000,20-0011,18875501217,2,13,0752,2019,2,13,23,0
1550070000000,11-0012,18875501222,1,13,0755,2019,2,13,23,0
1550070000000,14-0005,18875501225,1,13,0755,2019,2,13,23,0
1550070000000,9-0008,18875501251,1,13,0755,2019,2,13,23,0
1550070000000,10-0000,18875501262,1,13,0755,2019,2,13,23,0
1550070000000,18-0003,18875501267,1,13,0755,2019,2,13,23,0
1550070000000,20-0015,18875501268,1,13,0755,2019,2,13,23,0
1550070000000,5-0003,18875501269,1,13,0755,2019,2,13,23,0
1550070000000,4-0006,18875501273,1,13,0755,2019,2,13,23,0
1550070000000,5-0007,18875501275,1,13,0755,2019,2,13,23,0
1550070000000,7-0016,18875501280,1,13,0755,2019,2,13,23,0
1550070000000,13-0011,18875501285,1,13,0755,2019,2,13,23,0
1550070000000,8-0009,18875501288,1,13,0755,2019,2,13,23,0
1550070000000,21-0007,18875501290,1,13,0755,2019,2,13,23,0
1550070000000,11-0008,18875501291,1,13,0755,2019,2,13,23,0
1550070000000,7-0003,18875501297,1,13,0755,2019,2,13,23,0
1550070000000,13-0019,18875501304,3,12,0,2019,2,13,23,0
1550070000000,13-0002,18875501314,2,13,0750,2019,2,13,23,0
1550070000000,15-0005,18875501318,2,13,0757,2019,2,13,23,0
1550070000000,8-0007,18875501340,1,13,0755,2019,2,13,23,0
1550070000000,19-0001,18875501342,1,13,0755,2019,2,13,23,0
1550070000000,16-0016,18875501344,1,13,0755,2019,2,13,23,0
1550070000000,11-0002,18875501378,1,13,0755,2019,2,13,23,0
1550070000000,10-0000,18875501391,1,13,0755,2019,2,13,23,0
1550070000000,14-0007,18875501404,3,12,0,2019,2,13,23,0
1550070000000,10-0002,18875501411,1,13,0755,2019,2,13,23,0
1550070000000,14-0019,18875501417,2,13,0752,2019,2,13,23,0
1550070000000,17-0004,18875501429,1,13,0755,2019,2,13,23,0
1550070000000,5-0007,18875501432,1,13,0755,2019,2,13,23,0
1550070000000,18-0015,18875501436,1,13,0755,2019,2,13,23,0
1550070000000,20-0018,18875501446,1,13,0755,2019,2,13,23,0
1550070000000,5-0004,18875501454,1,13,0755,2019,2,13,23,0
1550070000000,16-0014,18875501459,1,13,0755,2019,2,13,23,0
1550070000000,24-0005,18875501496,1,13,0755,2019,2,13,23,0
1550070000000,11-0002,18875501506,3,21,0,2019,2,13,23,0
1550070000000,5-0004,18875501508,3,24,0,2019,2,13,23,0
1550070000000,10-0013,18875501512,1,13,0755,2019,2,13,23,0
1550070000000,7-0006,18875501514,2,13,0750,2019,2,13,23,0
1550070000000,22-0004,18875501532,1,13,0755,2019,2,13,23,0
1550070000000,14-0013,18875501539,1,13,0755,2019,2,13,23,0
1550070000000,23-0017,18875501545,1,13,0755,2019,2,13,23,0
1550070000000,19-0011,18875501548,1,13,0755,2019,2,13,23,0
1550070000000,14-0009,18875501553,1,13,0755,2019,2,13,23,0
1550070000000,17-0013,18875501567,1,13,0755,2019,2,13,23,0
1550070000000,13-0003,18875501574,1,13,0755,2019,2,13,23,0
1550070000000,16-0001,18875501587,1,13,0755,2019,2,13,23,0
1550070000000,15-0019,18875501591,1,13,0755,2019,2,13,23,0
1550070000000,8-0014,18875501595,1,13,0755,2019,2,13,23,0
1550070000000,6-0006,18875501602,3,10,0,2019,2,13,23,0
1550070000000,21-0017,18875501604,3,12,0,2019,2,13,23,0
1550070000000,10-0011,18875501606,3,21,0,2019,2,13,23,0
1550070000000,8-0000,18875501607,3,22,0,2019,2,13,23,0
1550070000000,6-0019,18875501621,1,13,0755,2019,2,13,23,0
1550070000000,4-0001,18875501636,1,13,0755,2019,2,13,23,0
1550070000000,14-0008,18875501641,1,13,0755,2019,2,13,23,0
1550070000000,18-0019,18875501655,1,13,0755,2019,2,13,23,0
1550070000000,15-0009,18875501661,1,13,0755,2019,2,13,23,0
1550070000000,15-0002,18875501665,1,13,0755,2019,2,13,23,0
1550070000000,15-0015,18875501670,1,13,0755,2019,2,13,23,0
1550070000000,9-0015,18875501688,1,13,0755,2019,2,13,23,0
1550070000000,14-0018,18875501694,1,13,0755,2019,2,13,23,0
1550070000000,18-0016,18875501696,1,13,0755,2019,2,13,23,0
1550070000000,17-0007,18875501715,2,13,0758,2019,2,13,23,0
1550070000000,19-0004,18875501719,1,13,0755,2019,2,13,23,0
1550070000000,11-0014,18875501738,1,13,0755,2019,2,13,23,0
1550070000000,20-0010,18875501740,1,13,0755,2019,2,13,23,0
1550070000000,16-0006,18875501767,1,13,0755,2019,2,13,23,0
1550070000000,19-0001,18875501770,1,13,0755,2019,2,13,23,0
1550070000000,9-0000,18875501784,1,13,0755,2019,2,13,23,0
1550070000000,20-0017,18875501791,1,13,0755,2019,2,13,23,0
1550070000000,13-0005,18875501794,1,13,0755,2019,2,13,23,0
1550070000000,23-0010,18875501802,3,10,0,2019,2,13,23,0
1550070000000,17-0010,18875501815,2,13,0758,2019,2,13,23,0
1550070000000,17-0001,18875501823,1,13,0755,2019,2,13,23,0
1550070000000,20-0013,18875501830,1,13,0755,2019,2,13,23,0
1550070000000,21-0019,18875501835,1,13,0755,2019,2,13,23,0
1550070000000,14-0004,18875501837,1,13,0755,2019,2,13,23,0
1550070000000,20-0007,18875501842,1,13,0755,2019,2,13,23,0
1550070000000,20-0014,18875501856,1,13,0755,2019,2,13,23,0
1550070000000,24-0009,18875501858,1,13,0755,2019,2,13,23,0
1550070000000,20-0013,18875501869,1,13,0755,2019,2,13,23,0
1550070000000,24-0015,18875501870,1,13,0755,2019,2,13,23,0
1550070000000,21-0014,18875501872,1,13,0755,2019,2,13,23,0
1550070000000,24-0017,18875501875,1,13,0755,2019,2,13,23,0
1550070000000,13-0009,18875501876,1,13,0755,2019,2,13,23,0
1550070000000,5-0006,18875501877,1,13,0755,2019,2,13,23,0
1550070000000,19-0005,18875501878,1,13,0755,2019,2,13,23,0
1550070000000,9-0014,18875501880,1,13,0755,2019,2,13,23,0
1550070000000,5-0013,18875501883,1,13,0755,2019,2,13,23,0
1550070000000,13-0016,18875501887,1,13,0755,2019,2,13,23,0
1550070000000,15-0019,18875501905,3,14,0,2019,2,13,23,0
1550070000000,15-0011,18875501912,1,13,0755,2019,2,13,23,0
1550070000000,18-0017,18875501913,2,13,020,2019,2,13,23,0
1550070000000,16-0001,18875501936,1,13,0755,2019,2,13,23,0
1550070000000,23-0005,18875501940,1,13,0755,2019,2,13,23,0
1550070000000,13-0000,18875501941,1,13,0755,2019,2,13,23,0
1550070000000,4-0018,18875501947,1,13,0755,2019,2,13,23,0
1550070000000,15-0007,18875501955,1,13,0755,2019,2,13,23,0
1550070000000,16-0000,18875501956,1,13,0755,2019,2,13,23,0
1550070000000,18-0014,18875501958,1,13,0755,2019,2,13,23,0
1550070000000,11-0017,18875501964,1,13,0755,2019,2,13,23,0
1550070000000,5-0017,18875501972,1,13,0755,2019,2,13,23,0
1550070000000,19-0008,18875501981,1,13,0755,2019,2,13,23,0
1550070000000,9-0018,18875501985,1,13,0755,2019,2,13,23,0
1550070000000,4-0008,18875501995,1,13,0755,2019,2,13,23,0
1550070000000,5-0017,18875501999,1,13,0755,2019,2,13,23,0
1550070000000,18-0016,18875502007,3,22,0,2019,2,13,23,0
1550070000000,12-0012,18875502014,2,13,0750,2019,2,13,23,0
1550070000000,11-0000,18875502021,1,13,0755,2019,2,13,23,0
1550070000000,4-0012,18875502032,1,13,0755,2019,2,13,23,0
1550070000000,8-0006,18875502038,1,13,0755,2019,2,13,23,0
1550070000000,7-0008,18875502045,1,13,0755,2019,2,13,23,0
1550070000000,6-0006,18875502052,1,13,0755,2019,2,13,23,0
1550070000000,18-0005,18875502058,1,13,0755,2019,2,13,23,0
1550070000000,18-0012,18875502067,1,13,0755,2019,2,13,23,0
1550070000000,4-0009,18875502080,1,13,0755,2019,2,13,23,0
1550070000000,10-0010,18875502082,1,13,0755,2019,2,13,23,0
1550070000000,23-0014,18875502086,1,13,0755,2019,2,13,23,0
1550070000000,10-0001,18875502095,1,13,0755,2019,2,13,23,0
1550070000000,19-0016,18875502099,1,13,0755,2019,2,13,23,0
1550070000000,13-0006,18875502106,3,21,0,2019,2,13,23,0
1550070000000,23-0013,18875502123,1,13,0755,2019,2,13,23,0
1550070000000,21-0016,18875502142,1,13,0755,2019,2,13,23,0
1550070000000,17-0017,18875502144,1,13,0755,2019,2,13,23,0
1550070000000,20-0004,18875502147,1,13,0755,2019,2,13,23,0
1550070000000,6-0019,18875502161,1,13,0755,2019,2,13,23,0
1550070000000,17-0012,18875502164,1,13,0755,2019,2,13,23,0
1550070000000,22-0001,18875502169,1,13,0755,2019,2,13,23,0
1550070000000,4-0002,18875502183,1,13,0755,2019,2,13,23,0
1550070000000,16-0010,18875502198,1,13,0755,2019,2,13,23,0
1550070000000,11-0003,18875502202,3,10,0,2019,2,13,23,0
1550070000000,11-0017,18875502215,2,13,0758,2019,2,13,23,0
1550070000000,18-0015,18875502218,2,13,0757,2019,2,13,23,0
1550070000000,19-0005,18875502224,1,13,0755,2019,2,13,23,0
1550070000000,10-0002,18875502230,1,13,0755,2019,2,13,23,0
1550070000000,6-0006,18875502233,1,13,0755,2019,2,13,23,0
1550070000000,24-0013,18875502237,1,13,0755,2019,2,13,23,0
1550070000000,6-0012,18875502239,1,13,0755,2019,2,13,23,0
1550070000000,12-0018,18875502256,1,13,0755,2019,2,13,23,0
1550070000000,4-0010,18875502271,1,13,0755,2019,2,13,23,0
1550070000000,21-0013,18875502273,1,13,0755,2019,2,13,23,0
1550070000000,5-0014,18875502290,1,13,0755,2019,2,13,23,0
1550070000000,8-0015,18875502291,1,13,0755,2019,2,13,23,0
1550070000000,22-0014,18875502294,1,13,0755,2019,2,13,23,0
1550070000000,11-0009,18875502297,1,13,0755,2019,2,13,23,0
1550070000000,20-0010,18875502302,3,10,0,2019,2,13,23,0
1550070000000,12-0016,18875502314,2,13,0750,2019,2,13,23,0
1550070000000,14-0001,18875502317,2,13,0752,2019,2,13,23,0
1550070000000,17-0001,18875502329,1,13,0755,2019,2,13,23,0
1550070000000,21-0019,18875502346,1,13,0755,2019,2,13,23,0
1550070000000,21-0018,18875502347,1,13,0755,2019,2,13,23,0
1550070000000,4-0012,18875502354,1,13,0755,2019,2,13,23,0
1550070000000,18-0014,18875502358,1,13,0755,2019,2,13,23,0
1550070000000,19-0001,18875502361,1,13,0755,2019,2,13,23,0
1550070000000,20-0000,18875502375,1,13,0755,2019,2,13,23,0
1550070000000,21-0010,18875502379,1,13,0755,2019,2,13,23,0
1550070000000,16-0003,18875502381,1,13,0755,2019,2,13,23,0
1550070000000,12-0006,18875502382,1,13,0755,2019,2,13,23,0
1550070000000,4-0008,18875502383,1,13,0755,2019,2,13,23,0
1550070000000,10-0007,18875502385,1,13,0755,2019,2,13,23,0
1550070000000,18-0016,18875502386,1,13,0755,2019,2,13,23,0
1550070000000,18-0005,18875502389,1,13,0755,2019,2,13,23,0
1550070000000,17-0008,18875502399,1,13,0755,2019,2,13,23,0
1550070000000,18-0017,18875502409,1,13,0755,2019,2,13,23,0
1550070000000,17-0007,18875502416,2,13,0753,2019,2,13,23,0
1550070000000,12-0018,18875502427,1,13,0755,2019,2,13,23,0
1550070000000,15-0006,18875502431,1,13,0755,2019,2,13,23,0
1550070000000,12-0019,18875502443,1,13,0755,2019,2,13,23,0
1550070000000,18-0007,18875502453,1,13,0755,2019,2,13,23,0
1550070000000,13-0008,18875502470,1,13,0755,2019,2,13,23,0
1550070000000,15-0019,18875502471,1,13,0755,2019,2,13,23,0
1550070000000,24-0015,18875502473,1,13,0755,2019,2,13,23,0
1550070000000,24-0019,18875502499,1,13,0755,2019,2,13,23,0
1550070000000,11-0010,18875502505,3,14,0,2019,2,13,23,0
1550070000000,23-0003,18875502532,1,13,0755,2019,2,13,23,0
1550070000000,23-0016,18875502535,1,13,0755,2019,2,13,23,0
1550070000000,6-0007,18875502544,1,13,0755,2019,2,13,23,0
1550070000000,10-0012,18875502548,1,13,0755,2019,2,13,23,0
1550070000000,23-0011,18875502552,1,13,0755,2019,2,13,23,0
1550070000000,14-0010,18875502555,1,13,0755,2019,2,13,23,0
1550070000000,7-0008,18875502556,1,13,0755,2019,2,13,23,0
1550070000000,22-0018,18875502572,1,13,0755,2019,2,13,23,0
1550070000000,15-0002,18875502585,1,13,0755,2019,2,13,23,0
1550070000000,21-0007,18875502601,4,0,0,2019,2,13,23,0
1550070000000,6-0003,18875502605,3,14,0,2019,2,13,23,0
1550070000000,9-0004,18875502609,1,13,0755,2019,2,13,23,0
1550070000000,13-0015,18875502618,2,13,0757,2019,2,13,23,0
1550070000000,7-0013,18875502621,1,13,0755,2019,2,13,23,0
1550070000000,21-0002,18875502636,1,13,0755,2019,2,13,23,0
1550070000000,19-0006,18875502641,1,13,0755,2019,2,13,23,0
1550070000000,11-0017,18875502647,1,13,0755,2019,2,13,23,0
1550070000000,12-0016,18875502666,1,13,0755,2019,2,13,23,0
1550070000000,4-0016,18875502668,1,13,0755,2019,2,13,23,0
1550070000000,5-0007,18875502669,1,13,0755,2019,2,13,23,0
1550070000000,13-0008,18875502682,1,13,0755,2019,2,13,23,0
1550070000000,9-0015,18875502683,1,13,0755,2019,2,13,23,0
1550070000000,24-0015,18875502685,1,13,0755,2019,2,13,23,0
1550070000000,7-0018,18875502696,1,13,0755,2019,2,13,23,0
1550070000000,19-0008,18875502697,1,13,0755,2019,2,13,23,0
1550070000000,24-0007,18875502701,4,0,0,2019,2,13,23,0
1550070000000,14-0000,18875502702,3,10,0,2019,2,13,23,0
1550070000000,13-0002,18875502706,3,21,0,2019,2,13,23,0
1550070000000,10-0010,18875502714,2,13,0750,2019,2,13,23,0
1550070000000,16-0012,18875502718,2,13,0757,2019,2,13,23,0
1550070000000,19-0000,18875502721,1,13,0755,2019,2,13,23,0
1550070000000,14-0019,18875502726,1,13,0755,2019,2,13,23,0
1550070000000,6-0014,18875502729,1,13,0755,2019,2,13,23,0
1550070000000,20-0014,18875502730,1,13,0755,2019,2,13,23,0
1550070000000,4-0002,18875502736,1,13,0755,2019,2,13,23,0
1550070000000,9-0012,18875502739,1,13,0755,2019,2,13,23,0
1550070000000,15-0015,18875502740,1,13,0755,2019,2,13,23,0
1550070000000,22-0007,18875502742,1,13,0755,2019,2,13,23,0
1550070000000,24-0002,18875502745,1,13,0755,2019,2,13,23,0
1550070000000,23-0001,18875502752,1,13,0755,2019,2,13,23,0
1550070000000,16-0006,18875502755,1,13,0755,2019,2,13,23,0
1550070000000,5-0001,18875502757,1,13,0755,2019,2,13,23,0
1550070000000,8-0013,18875502760,1,13,0755,2019,2,13,23,0
1550070000000,11-0010,18875502765,1,13,0755,2019,2,13,23,0
1550070000000,23-0019,18875502768,1,13,0755,2019,2,13,23,0
1550070000000,12-0016,18875502780,1,13,0755,2019,2,13,23,0
1550070000000,12-0013,18875502782,1,13,0755,2019,2,13,23,0
1550070000000,9-0019,18875502789,1,13,0755,2019,2,13,23,0
1550070000000,21-0009,18875502799,1,13,0755,2019,2,13,23,0
1550070000000,7-0004,18875502804,3,12,0,2019,2,13,23,0
1550070000000,8-0006,18875502805,3,14,0,2019,2,13,23,0
1550070000000,17-0003,18875502839,1,13,0755,2019,2,13,23,0
1550070000000,17-0006,18875502848,1,13,0755,2019,2,13,23,0
1550070000000,9-0014,18875502857,1,13,0755,2019,2,13,23,0
1550070000000,4-0016,18875502866,1,13,0755,2019,2,13,23,0
1550070000000,10-0004,18875502880,1,13,0755,2019,2,13,23,0
1550070000000,15-0004,18875502889,1,13,0755,2019,2,13,23,0
1550070000000,17-0018,18875502890,1,13,0755,2019,2,13,23,0
1550070000000,8-0001,18875502894,1,13,0755,2019,2,13,23,0
1550070000000,18-0002,18875502906,3,21,0,2019,2,13,23,0
1550070000000,22-0019,18875502911,1,13,0755,2019,2,13,23,0
1550070000000,22-0013,18875502941,1,13,0755,2019,2,13,23,0
1550070000000,22-0007,18875502948,1,13,0755,2019,2,13,23,0
1550070000000,17-0009,18875502951,1,13,0755,2019,2,13,23,0
1550070000000,21-0013,18875502958,1,13,0755,2019,2,13,23,0
1550070000000,16-0013,18875502960,1,13,0755,2019,2,13,23,0
1550070000000,13-0016,18875502970,1,13,0755,2019,2,13,23,0
1550070000000,14-0018,18875502975,1,13,0755,2019,2,13,23,0
1550070000000,5-0015,18875502983,1,13,0755,2019,2,13,23,0
1550070000000,10-0008,18875502984,1,13,0755,2019,2,13,23,0
1550070000000,23-0012,18875502989,1,13,0755,2019,2,13,23,0
1550070000000,14-0001,18875502992,1,13,0755,2019,2,13,23,0
1550070000000,16-0010,18875502993,1,13,0755,2019,2,13,23,0
1550070000000,11-0010,18875502998,1,13,0755,2019,2,13,23,0
1550070000000,4-0009,18875503001,4,0,0,2019,2,13,23,0
1550070000000,11-0016,18875503004,3,12,0,2019,2,13,23,0
1550070000000,19-0003,18875503010,1,13,0755,2019,2,13,23,0
1550070000000,13-0003,18875503021,1,13,0755,2019,2,13,23,0
1550070000000,15-0004,18875503023,1,13,0755,2019,2,13,23,0
1550070000000,4-0014,18875503054,1,13,0755,2019,2,13,23,0
1550070000000,24-0005,18875503055,1,13,0755,2019,2,13,23,0
1550070000000,16-0004,18875503057,1,13,0755,2019,2,13,23,0
1550070000000,23-0004,18875503060,1,13,0755,2019,2,13,23,0
1550070000000,13-0012,18875503073,1,13,0755,2019,2,13,23,0
1550070000000,20-0014,18875503074,1,13,0755,2019,2,13,23,0
1550070000000,23-0002,18875503082,1,13,0755,2019,2,13,23,0
1550070000000,13-0010,18875503091,1,13,0755,2019,2,13,23,0
1550070000000,9-0002,18875503105,3,14,0,2019,2,13,23,0
1550070000000,22-0004,18875503113,2,13,020,2019,2,13,23,0
1550070000000,21-0006,18875503124,1,13,0755,2019,2,13,23,0
1550070000000,10-0004,18875503137,1,13,0755,2019,2,13,23,0
1550070000000,19-0004,18875503145,1,13,0755,2019,2,13,23,0
1550070000000,12-0006,18875503158,1,13,0755,2019,2,13,23,0
1550070000000,15-0001,18875503162,1,13,0755,2019,2,13,23,0
1550070000000,21-0010,18875503166,1,13,0755,2019,2,13,23,0
1550070000000,9-0007,18875503168,1,13,0755,2019,2,13,23,0
1550070000000,12-0006,18875503170,1,13,0755,2019,2,13,23,0
1550070000000,16-0000,18875503180,1,13,0755,2019,2,13,23,0
1550070000000,14-0017,18875503189,1,13,0755,2019,2,13,23,0
1550070000000,16-0014,18875503194,1,13,0755,2019,2,13,23,0
1550070000000,14-0018,18875503195,1,13,0755,2019,2,13,23,0
1550070000000,11-0003,18875503196,1,13,0755,2019,2,13,23,0
1550070000000,14-0005,18875503199,1,13,0755,2019,2,13,23,0
1550070000000,14-0006,18875503216,2,13,0753,2019,2,13,23,0
1550070000000,16-0012,18875503217,2,13,0752,2019,2,13,23,0
1550070000000,20-0011,18875503218,2,13,0757,2019,2,13,23,0
1550070000000,4-0014,18875503222,1,13,0755,2019,2,13,23,0
1550070000000,8-0016,18875503240,1,13,0755,2019,2,13,23,0
1550070000000,14-0010,18875503242,1,13,0755,2019,2,13,23,0
1550070000000,16-0008,18875503245,1,13,0755,2019,2,13,23,0
1550070000000,6-0002,18875503253,1,13,0755,2019,2,13,23,0
1550070000000,20-0006,18875503264,1,13,0755,2019,2,13,23,0
1550070000000,14-0013,18875503269,1,13,0755,2019,2,13,23,0
1550070000000,8-0013,18875503275,1,13,0755,2019,2,13,23,0
1550070000000,21-0008,18875503284,1,13,0755,2019,2,13,23,0
1550070000000,19-0017,18875503295,1,13,0755,2019,2,13,23,0
1550070000000,22-0019,18875503302,3,10,0,2019,2,13,23,0
1550070000000,24-0006,18875503303,3,11,0,2019,2,13,23,0
1550070000000,19-0002,18875503320,1,13,0755,2019,2,13,23,0
1550070000000,15-0010,18875503325,1,13,0755,2019,2,13,23,0
1550070000000,8-0006,18875503332,1,13,0755,2019,2,13,23,0
1550070000000,8-0012,18875503337,1,13,0755,2019,2,13,23,0
1550070000000,10-0006,18875503347,1,13,0755,2019,2,13,23,0
1550070000000,19-0005,18875503348,1,13,0755,2019,2,13,23,0
1550070000000,12-0018,18875503353,1,13,0755,2019,2,13,23,0
1550070000000,12-0018,18875503354,1,13,0755,2019,2,13,23,0
1550070000000,4-0005,18875503356,1,13,0755,2019,2,13,23,0
1550070000000,22-0017,18875503359,1,13,0755,2019,2,13,23,0
1550070000000,20-0003,18875503361,1,13,0755,2019,2,13,23,0
1550070000000,6-0006,18875503365,1,13,0755,2019,2,13,23,0
1550070000000,10-0009,18875503379,1,13,0755,2019,2,13,23,0
1550070000000,18-0007,18875503383,1,13,0755,2019,2,13,23,0
1550070000000,11-0012,18875503385,1,13,0755,2019,2,13,23,0
1550070000000,11-0017,18875503396,1,13,0755,2019,2,13,23,0
1550070000000,7-0008,18875503403,3,11,0,2019,2,13,23,0
1550070000000,14-0011,18875503404,3,12,0,2019,2,13,23,0
1550070000000,18-0017,18875503410,1,13,0755,2019,2,13,23,0
1550070000000,6-0001,18875503418,2,13,0757,2019,2,13,23,0
1550070000000,4-0002,18875503430,1,13,0755,2019,2,13,23,0
1550070000000,8-0006,18875503445,1,13,0755,2019,2,13,23,0
1550070000000,6-0017,18875503468,1,13,0755,2019,2,13,23,0
1550070000000,8-0011,18875503469,1,13,0755,2019,2,13,23,0
1550070000000,8-0019,18875503484,1,13,0755,2019,2,13,23,0
1550070000000,11-0010,18875503493,1,13,0755,2019,2,13,23,0
1550070000000,19-0010,18875503497,1,13,0755,2019,2,13,23,0
1550070000000,9-0000,18875503502,3,10,0,2019,2,13,23,0
1550070000000,13-0005,18875503505,3,14,0,2019,2,13,23,0
1550070000000,21-0003,18875503517,2,13,0752,2019,2,13,23,0
1550070000000,11-0000,18875503535,1,13,0755,2019,2,13,23,0
1550070000000,19-0007,18875503536,1,13,0755,2019,2,13,23,0
1550070000000,15-0018,18875503544,1,13,0755,2019,2,13,23,0
1550070000000,7-0005,18875503547,1,13,0755,2019,2,13,23,0
1550070000000,12-0017,18875503552,1,13,0755,2019,2,13,23,0
1550070000000,24-0018,18875503561,1,13,0755,2019,2,13,23,0
1550070000000,21-0016,18875503563,1,13,0755,2019,2,13,23,0
1550070000000,12-0002,18875503567,1,13,0755,2019,2,13,23,0
1550070000000,9-0001,18875503574,1,13,0755,2019,2,13,23,0
1550070000000,22-0004,18875503575,1,13,0755,2019,2,13,23,0
1550070000000,14-0017,18875503576,1,13,0755,2019,2,13,23,0
1550070000000,24-0016,18875503584,1,13,0755,2019,2,13,23,0
1550070000000,16-0006,18875503601,4,0,0,2019,2,13,23,0
1550070000000,22-0006,18875503609,1,13,0755,2019,2,13,23,0
1550070000000,8-0003,18875503615,2,13,0758,2019,2,13,23,0
1550070000000,5-0012,18875503619,1,13,0755,2019,2,13,23,0
1550070000000,5-0001,18875503621,1,13,0755,2019,2,13,23,0
1550070000000,19-0013,18875503626,1,13,0755,2019,2,13,23,0
1550070000000,23-0018,18875503628,1,13,0755,2019,2,13,23,0
1550070000000,11-0008,18875503630,1,13,0755,2019,2,13,23,0
1550070000000,20-0000,18875503641,1,13,0755,2019,2,13,23,0
1550070000000,23-0001,18875503645,1,13,0755,2019,2,13,23,0
1550070000000,18-0013,18875503649,1,13,0755,2019,2,13,23,0
1550070000000,18-0002,18875503667,1,13,0755,2019,2,13,23,0
1550070000000,16-0019,18875503668,1,13,0755,2019,2,13,23,0
1550070000000,8-0004,18875503671,1,13,0755,2019,2,13,23,0
1550070000000,21-0017,18875503678,1,13,0755,2019,2,13,23,0
1550070000000,24-0012,18875503679,1,13,0755,2019,2,13,23,0
1550070000000,18-0016,18875503684,1,13,0755,2019,2,13,23,0
1550070000000,13-0004,18875503694,1,13,0755,2019,2,13,23,0
1550070000000,4-0014,18875503703,3,11,0,2019,2,13,23,0
1550070000000,15-0009,18875503704,3,12,0,2019,2,13,23,0
1550070000000,5-0005,18875503713,2,13,020,2019,2,13,23,0
1550070000000,10-0013,18875503717,2,13,0752,2019,2,13,23,0
1550070000000,23-0002,18875503735,1,13,0755,2019,2,13,23,0
1550070000000,23-0008,18875503736,1,13,0755,2019,2,13,23,0
1550070000000,16-0000,18875503737,1,13,0755,2019,2,13,23,0
1550070000000,4-0016,18875503755,1,13,0755,2019,2,13,23,0
1550070000000,23-0005,18875503759,1,13,0755,2019,2,13,23,0
1550070000000,8-0007,18875503790,1,13,0755,2019,2,13,23,0
1550070000000,9-0008,18875503791,1,13,0755,2019,2,13,23,0
1550070000000,22-0005,18875503794,1,13,0755,2019,2,13,23,0
1550070000000,16-0014,18875503800,1,13,0755,2019,2,13,23,0
1550070000000,22-0016,18875503811,1,13,0755,2019,2,13,23,0
1550070000000,21-0014,18875503812,1,13,0755,2019,2,13,23,0
1550070000000,5-0019,18875503813,2,13,020,2019,2,13,23,0
1550070000000,15-0007,18875503835,1,13,0755,2019,2,13,23,0
1550070000000,6-0004,18875503845,1,13,0755,2019,2,13,23,0
1550070000000,8-0006,18875503852,1,13,0755,2019,2,13,23,0
1550070000000,18-0008,18875503884,1,13,0755,2019,2,13,23,0
1550070000000,18-0004,18875503908,3,24,0,2019,2,13,23,0
1550070000000,5-0019,18875503923,1,13,0755,2019,2,13,23,0
1550070000000,13-0002,18875503924,1,13,0755,2019,2,13,23,0
1550070000000,5-0012,18875503925,1,13,0755,2019,2,13,23,0
1550070000000,12-0015,18875503933,1,13,0755,2019,2,13,23,0
1550070000000,5-0010,18875503940,1,13,0755,2019,2,13,23,0
1550070000000,15-0002,18875503947,1,13,0755,2019,2,13,23,0
1550070000000,13-0014,18875503959,1,13,0755,2019,2,13,23,0
1550070000000,15-0015,18875503961,1,13,0755,2019,2,13,23,0
1550070000000,22-0013,18875503967,1,13,0755,2019,2,13,23,0
1550070000000,19-0014,18875503981,1,13,0755,2019,2,13,23,0
1550070000000,10-0008,18875503982,1,13,0755,2019,2,13,23,0
1550070000000,16-0015,18875503992,1,13,0755,2019,2,13,23,0
1550070000000,11-0014,18875503994,1,13,0755,2019,2,13,23,0
1550070000000,15-0014,18875504001,4,0,0,2019,2,13,23,0
1550070000000,9-0018,18875504006,3,21,0,2019,2,13,23,0
1550070000000,16-0004,18875504009,1,13,0755,2019,2,13,23,0
1550070000000,12-0019,18875504015,2,13,0758,2019,2,13,23,0
1550070000000,20-0013,18875504027,1,13,0755,2019,2,13,23,0
1550070000000,4-0003,18875504034,1,13,0755,2019,2,13,23,0
1550070000000,8-0005,18875504045,1,13,0755,2019,2,13,23,0
1550070000000,11-0010,18875504048,1,13,0755,2019,2,13,23,0
1550070000000,21-0009,18875504051,1,13,0755,2019,2,13,23,0
1550070000000,8-0016,18875504056,1,13,0755,2019,2,13,23,0
1550070000000,4-0003,18875504067,1,13,0755,2019,2,13,23,0
1550070000000,23-0008,18875504078,1,13,0755,2019,2,13,23,0
1550070000000,14-0001,18875504089,1,13,0755,2019,2,13,23,0
1550070000000,18-0000,18875504092,1,13,0755,2019,2,13,23,0
1550070000000,9-0019,18875504098,1,13,0755,2019,2,13,23,0
1550070000000,7-0005,18875504099,1,13,0755,2019,2,13,23,0
1550070000000,5-0017,18875504106,3,21,0,2019,2,13,23,0
1550070000000,11-0007,18875504107,3,22,0,2019,2,13,23,0
1550070000000,17-0007,18875504110,1,13,0755,2019,2,13,23,0
1550070000000,24-0013,18875504123,1,13,0755,2019,2,13,23,0
1550070000000,19-0012,18875504124,1,13,0755,2019,2,13,23,0
1550070000000,13-0017,18875504143,1,13,0755,2019,2,13,23,0
1550070000000,5-0017,18875504151,1,13,0755,2019,2,13,23,0
1550070000000,16-0007,18875504153,1,13,0755,2019,2,13,23,0
1550070000000,9-0004,18875504156,1,13,0755,2019,2,13,23,0
1550070000000,16-0014,18875504163,1,13,0755,2019,2,13,23,0
1550070000000,9-0008,18875504170,1,13,0755,2019,2,13,23,0
1550070000000,5-0013,18875504171,1,13,0755,2019,2,13,23,0
1550070000000,24-0001,18875504177,1,13,0755,2019,2,13,23,0
1550070000000,19-0003,18875504185,1,13,0755,2019,2,13,23,0
1550070000000,16-0013,18875504187,1,13,0755,2019,2,13,23,0
1550070000000,8-0006,18875504191,1,13,0755,2019,2,13,23,0
1550070000000,20-0008,18875504193,1,13,0755,2019,2,13,23,0
1550070000000,15-0018,18875504195,1,13,0755,2019,2,13,23,0
1550070000000,14-0001,18875504199,1,13,0755,2019,2,13,23,0
1550070000000,11-0002,18875504206,3,21,0,2019,2,13,23,0
1550070000000,17-0008,18875504213,2,13,020,2019,2,13,23,0
1550070000000,16-0010,18875504215,2,13,0758,2019,2,13,23,0
1550070000000,8-0011,18875504217,2,13,0752,2019,2,13,23,0
1550070000000,7-0004,18875504232,1,13,0755,2019,2,13,23,0
1550070000000,22-0017,18875504251,1,13,0755,2019,2,13,23,0
1550070000000,13-0014,18875504260,1,13,0755,2019,2,13,23,0
1550070000000,4-0014,18875504261,1,13,0755,2019,2,13,23,0
1550070000000,14-0006,18875504269,1,13,0755,2019,2,13,23,0
1550070000000,6-0003,18875504276,1,13,0755,2019,2,13,23,0
1550070000000,14-0013,18875504280,1,13,0755,2019,2,13,23,0
1550070000000,9-0010,18875504294,1,13,0755,2019,2,13,23,0
1550070000000,14-0012,18875504298,1,13,0755,2019,2,13,23,0
1550070000000,12-0018,18875504315,2,13,0758,2019,2,13,23,0
1550070000000,14-0015,18875504337,1,13,0755,2019,2,13,23,0
1550070000000,11-0014,18875504355,1,13,0755,2019,2,13,23,0
1550070000000,23-0010,18875504368,1,13,0755,2019,2,13,23,0
1550070000000,20-0006,18875504373,1,13,0755,2019,2,13,23,0
1550070000000,16-0017,18875504375,1,13,0755,2019,2,13,23,0
1550070000000,12-0016,18875504377,1,13,0755,2019,2,13,23,0
1550070000000,23-0017,18875504379,1,13,0755,2019,2,13,23,0
1550070000000,14-0004,18875504386,1,13,0755,2019,2,13,23,0
1550070000000,7-0019,18875504408,3,24,0,2019,2,13,23,0
1550070000000,22-0006,18875504421,1,13,0755,2019,2,13,23,0
1550070000000,14-0006,18875504422,1,13,0755,2019,2,13,23,0
1550070000000,21-0003,18875504423,1,13,0755,2019,2,13,23,0
1550070000000,11-0000,18875504424,1,13,0755,2019,2,13,23,0
1550070000000,16-0000,18875504427,1,13,0755,2019,2,13,23,0
1550070000000,6-0007,18875504434,1,13,0755,2019,2,13,23,0
1550070000000,6-0001,18875504438,1,13,0755,2019,2,13,23,0
1550070000000,16-0009,18875504443,1,13,0755,2019,2,13,23,0
1550070000000,24-0004,18875504446,1,13,0755,2019,2,13,23,0
1550070000000,4-0002,18875504456,1,13,0755,2019,2,13,23,0
1550070000000,5-0009,18875504457,1,13,0755,2019,2,13,23,0
1550070000000,14-0011,18875504459,1,13,0755,2019,2,13,23,0
1550070000000,8-0007,18875504463,1,13,0755,2019,2,13,23,0
1550070000000,10-0006,18875504467,1,13,0755,2019,2,13,23,0
1550070000000,15-0009,18875504473,1,13,0755,2019,2,13,23,0
1550070000000,14-0006,18875504475,1,13,0755,2019,2,13,23,0
1550070000000,12-0014,18875504477,1,13,0755,2019,2,13,23,0
1550070000000,11-0005,18875504483,1,13,0755,2019,2,13,23,0
1550070000000,15-0018,18875504488,1,13,0755,2019,2,13,23,0
1550070000000,21-0017,18875504496,1,13,0755,2019,2,13,23,0
1550070000000,9-0019,18875504514,2,13,0750,2019,2,13,23,0
1550070000000,20-0007,18875504523,1,13,0755,2019,2,13,23,0
1550070000000,11-0014,18875504542,1,13,0755,2019,2,13,23,0
1550070000000,14-0019,18875504555,1,13,0755,2019,2,13,23,0
1550070000000,24-0018,18875504556,1,13,0755,2019,2,13,23,0
1550070000000,19-0016,18875504564,1,13,0755,2019,2,13,23,0
1550070000000,17-0015,18875504566,1,13,0755,2019,2,13,23,0
1550070000000,5-0003,18875504569,1,13,0755,2019,2,13,23,0
1550070000000,19-0009,18875504572,1,13,0755,2019,2,13,23,0
1550070000000,8-0008,18875504578,1,13,0755,2019,2,13,23,0
1550070000000,13-0019,18875504581,1,13,0755,2019,2,13,23,0
1550070000000,7-0009,18875504584,1,13,0755,2019,2,13,23,0
1550070000000,4-0007,18875504595,1,13,0755,2019,2,13,23,0
1550070000000,24-0005,18875504613,2,13,020,2019,2,13,23,0
1550070000000,6-0012,18875504614,2,13,0750,2019,2,13,23,0
1550070000000,18-0012,18875504615,2,13,0758,2019,2,13,23,0
1550070000000,22-0005,18875504617,2,13,0752,2019,2,13,23,0
1550070000000,10-0011,18875504621,1,13,0755,2019,2,13,23,0
1550070000000,9-0009,18875504624,1,13,0755,2019,2,13,23,0
1550070000000,20-0017,18875504626,1,13,0755,2019,2,13,23,0
1550070000000,12-0008,18875504640,1,13,0755,2019,2,13,23,0
1550070000000,9-0004,18875504641,1,13,0755,2019,2,13,23,0
1550070000000,13-0015,18875504660,1,13,0755,2019,2,13,23,0
1550070000000,18-0014,18875504663,1,13,0755,2019,2,13,23,0
1550070000000,16-0002,18875504667,1,13,0755,2019,2,13,23,0
1550070000000,24-0014,18875504680,1,13,0755,2019,2,13,23,0
1550070000000,11-0010,18875504704,3,12,0,2019,2,13,23,0
1550070000000,17-0002,18875504718,2,13,0757,2019,2,13,23,0
1550070000000,22-0005,18875504727,1,13,0755,2019,2,13,23,0
1550070000000,20-0002,18875504729,1,13,0755,2019,2,13,23,0
1550070000000,11-0000,18875504733,1,13,0755,2019,2,13,23,0
1550070000000,6-0014,18875504750,0,0,0,2019,2,13,23,0
1550070000000,13-0018,18875504758,1,13,0755,2019,2,13,23,0
1550070000000,5-0016,18875504764,1,13,0755,2019,2,13,23,0
1550070000000,12-0012,18875504770,1,13,0755,2019,2,13,23,0
1550070000000,12-0006,18875504775,1,13,0755,2019,2,13,23,0
1550070000000,5-0007,18875504788,1,13,0755,2019,2,13,23,0
1550070000000,19-0018,18875504794,1,13,0755,2019,2,13,23,0
1550070000000,14-0004,18875504802,3,10,0,2019,2,13,23,0
1550070000000,20-0013,18875504804,3,12,0,2019,2,13,23,0
1550070000000,18-0011,18875504805,3,14,0,2019,2,13,23,0
1550070000000,10-0011,18875504809,1,13,0755,2019,2,13,23,0
1550070000000,13-0005,18875504821,1,13,0755,2019,2,13,23,0
1550070000000,14-0003,18875504822,1,13,0755,2019,2,13,23,0
1550070000000,9-0013,18875504830,1,13,0755,2019,2,13,23,0
1550070000000,20-0007,18875504837,1,13,0755,2019,2,13,23,0
1550070000000,15-0006,18875504872,1,13,0755,2019,2,13,23,0
1550070000000,19-0018,18875504887,1,13,0755,2019,2,13,23,0
1550070000000,24-0004,18875504889,1,13,0755,2019,2,13,23,0
1550070000000,22-0010,18875504892,1,13,0755,2019,2,13,23,0
1550070000000,12-0002,18875504896,1,13,0755,2019,2,13,23,0
1550070000000,21-0008,18875504915,2,13,0758,2019,2,13,23,0
1550070000000,22-0003,18875504920,1,13,0755,2019,2,13,23,0
1550070000000,12-0007,18875504942,1,13,0755,2019,2,13,23,0
1550070000000,5-0004,18875504944,1,13,0755,2019,2,13,23,0
1550070000000,15-0004,18875504947,1,13,0755,2019,2,13,23,0
1550070000000,10-0007,18875504953,1,13,0755,2019,2,13,23,0
1550070000000,10-0006,18875504957,1,13,0755,2019,2,13,23,0
1550070000000,22-0005,18875504958,1,13,0755,2019,2,13,23,0
1550070000000,21-0010,18875504959,1,13,0755,2019,2,13,23,0
1550070000000,4-0010,18875504966,1,13,0755,2019,2,13,23,0
1550070000000,12-0013,18875504974,1,13,0755,2019,2,13,23,0
1550070000000,11-0012,18875504976,1,13,0755,2019,2,13,23,0
1550070000000,16-0010,18875504979,1,13,0755,2019,2,13,23,0
1550070000000,8-0018,18875504983,1,13,0755,2019,2,13,23,0
1550070000000,9-0000,18875504985,1,13,0755,2019,2,13,23,0
1550070000000,20-0013,18875504989,1,13,0755,2019,2,13,23,0
1550070000000,20-0011,18875504992,1,13,0755,2019,2,13,23,0
1550070000000,11-0010,18875504993,1,13,0755,2019,2,13,23,0
1550070000000,17-0019,18875504997,1,13,0755,2019,2,13,23,0
1550070000000,16-0019,18875505013,2,13,020,2019,2,13,23,0
1550070000000,15-0004,18875505017,2,13,0752,2019,2,13,23,0
1550070000000,18-0014,18875505024,1,13,0755,2019,2,13,23,0
1550070000000,11-0009,18875505030,1,13,0755,2019,2,13,23,0
1550070000000,7-0012,18875505036,1,13,0755,2019,2,13,23,0
1550070000000,23-0001,18875505050,0,0,0,2019,2,13,23,0
1550070000000,7-0012,18875505059,1,13,0755,2019,2,13,23,0
1550070000000,5-0019,18875505067,1,13,0755,2019,2,13,23,0
1550070000000,11-0007,18875505072,1,13,0755,2019,2,13,23,0
1550070000000,16-0016,18875505088,1,13,0755,2019,2,13,23,0
1550070000000,14-0001,18875505098,1,13,0755,2019,2,13,23,0
1550070000000,10-0005,18875505101,4,0,0,2019,2,13,23,0
1550070000000,17-0016,18875505107,3,22,0,2019,2,13,23,0
1550070000000,15-0019,18875505120,1,13,0755,2019,2,13,23,0
1550070000000,21-0000,18875505125,1,13,0755,2019,2,13,23,0
1550070000000,18-0013,18875505137,1,13,0755,2019,2,13,23,0
1550070000000,13-0016,18875505150,0,0,0,2019,2,13,23,0
1550070000000,11-0009,18875505152,1,13,0755,2019,2,13,23,0
1550070000000,17-0005,18875505154,1,13,0755,2019,2,13,23,0
1550070000000,10-0013,18875505156,1,13,0755,2019,2,13,23,0
1550070000000,15-0012,18875505161,1,13,0755,2019,2,13,23,0
1550070000000,7-0018,18875505172,1,13,0755,2019,2,13,23,0
1550070000000,21-0016,18875505177,1,13,0755,2019,2,13,23,0
1550070000000,5-0016,18875505202,3,10,0,2019,2,13,23,0
1550070000000,12-0007,18875505210,1,13,0755,2019,2,13,23,0
1550070000000,11-0016,18875505222,1,13,0755,2019,2,13,23,0
1550070000000,9-0016,18875505223,1,13,0755,2019,2,13,23,0
1550070000000,21-0018,18875505236,1,13,0755,2019,2,13,23,0
1550070000000,6-0008,18875505242,1,13,0755,2019,2,13,23,0
1550070000000,4-0004,18875505245,1,13,0755,2019,2,13,23,0
1550070000000,7-0004,18875505250,0,0,0,2019,2,13,23,0
1550070000000,21-0003,18875505255,1,13,0755,2019,2,13,23,0
1550070000000,8-0004,18875505260,1,13,0755,2019,2,13,23,0
1550070000000,15-0005,18875505262,1,13,0755,2019,2,13,23,0
1550070000000,6-0015,18875505298,1,13,0755,2019,2,13,23,0
1550070000000,20-0008,18875505307,3,22,0,2019,2,13,23,0
1550070000000,10-0014,18875505314,2,13,0750,2019,2,13,23,0
1550070000000,20-0004,18875505317,2,13,0752,2019,2,13,23,0
1550070000000,10-0010,18875505335,1,13,0755,2019,2,13,23,0
1550070000000,24-0010,18875505338,1,13,0755,2019,2,13,23,0
1550070000000,17-0003,18875505340,1,13,0755,2019,2,13,23,0
1550070000000,9-0005,18875505346,1,13,0755,2019,2,13,23,0
1550070000000,23-0014,18875505353,1,13,0755,2019,2,13,23,0
1550070000000,12-0006,18875505362,1,13,0755,2019,2,13,23,0
1550070000000,15-0001,18875505366,1,13,0755,2019,2,13,23,0
1550070000000,4-0010,18875505374,1,13,0755,2019,2,13,23,0
1550070000000,23-0008,18875505375,1,13,0755,2019,2,13,23,0
1550070000000,5-0013,18875505380,1,13,0755,2019,2,13,23,0
1550070000000,4-0004,18875505390,1,13,0755,2019,2,13,23,0
1550070000000,15-0007,18875505394,1,13,0755,2019,2,13,23,0
1550070000000,8-0014,18875505396,1,13,0755,2019,2,13,23,0
1550070000000,14-0000,18875505409,1,13,0755,2019,2,13,23,0
1550070000000,23-0005,18875505419,1,13,0755,2019,2,13,23,0
1550070000000,22-0005,18875505430,1,13,0755,2019,2,13,23,0
1550070000000,23-0017,18875505446,1,13,0755,2019,2,13,23,0
1550070000000,16-0016,18875505450,0,0,0,2019,2,13,23,0
1550070000000,22-0002,18875505453,1,13,0755,2019,2,13,23,0
1550070000000,9-0012,18875505456,1,13,0755,2019,2,13,23,0
1550070000000,12-0012,18875505464,1,13,0755,2019,2,13,23,0
1550070000000,8-0018,18875505467,1,13,0755,2019,2,13,23,0
1550070000000,4-0006,18875505474,1,13,0755,2019,2,13,23,0
1550070000000,12-0011,18875505482,1,13,0755,2019,2,13,23,0
1550070000000,22-0004,18875505486,1,13,0755,2019,2,13,23,0
1550070000000,15-0009,18875505493,1,13,0755,2019,2,13,23,0
1550070000000,17-0007,18875505495,1,13,0755,2019,2,13,23,0
1550070000000,21-0019,18875505497,1,13,0755,2019,2,13,23,0
1550070000000,18-0011,18875505507,3,22,0,2019,2,13,23,0
1550070000000,11-0005,18875505508,3,24,0,2019,2,13,23,0
1550070000000,15-0019,18875505517,2,13,0752,2019,2,13,23,0
1550070000000,4-0011,18875505521,1,13,0755,2019,2,13,23,0
1550070000000,5-0014,18875505524,1,13,0755,2019,2,13,23,0
1550070000000,9-0001,18875505528,1,13,0755,2019,2,13,23,0
1550070000000,17-0000,18875505538,1,13,0755,2019,2,13,23,0
1550070000000,10-0009,18875505541,1,13,0755,2019,2,13,23,0
1550070000000,22-0015,18875505543,1,13,0755,2019,2,13,23,0
1550070000000,15-0019,18875505548,1,13,0755,2019,2,13,23,0
1550070000000,15-0002,18875505549,1,13,0755,2019,2,13,23,0
1550070000000,12-0014,18875505550,0,0,0,2019,2,13,23,0
1550070000000,8-0016,18875505553,1,13,0755,2019,2,13,23,0
1550070000000,11-0003,18875505566,1,13,0755,2019,2,13,23,0
1550070000000,17-0005,18875505581,1,13,0755,2019,2,13,23,0
1550070000000,11-0018,18875505583,1,13,0755,2019,2,13,23,0
1550070000000,12-0012,18875505604,3,12,0,2019,2,13,23,0
1550070000000,7-0017,18875505606,3,21,0,2019,2,13,23,0
1550070000000,22-0002,18875505607,3,22,0,2019,2,13,23,0
1550070000000,18-0015,18875505611,1,13,0755,2019,2,13,23,0
1550070000000,17-0007,18875505628,1,13,0755,2019,2,13,23,0
1550070000000,9-0000,18875505640,1,13,0755,2019,2,13,23,0
1550070000000,23-0018,18875505644,1,13,0755,2019,2,13,23,0
1550070000000,15-0016,18875505647,1,13,0755,2019,2,13,23,0
1550070000000,9-0006,18875505656,1,13,0755,2019,2,13,23,0
1550070000000,17-0007,18875505664,1,13,0755,2019,2,13,23,0
1550070000000,17-0004,18875505665,1,13,0755,2019,2,13,23,0
1550070000000,9-0014,18875505666,1,13,0755,2019,2,13,23,0
1550070000000,5-0003,18875505669,1,13,0755,2019,2,13,23,0
1550070000000,5-0003,18875505686,1,13,0755,2019,2,13,23,0
1550070000000,20-0011,18875505701,4,0,0,2019,2,13,23,0
1550070000000,11-0014,18875505714,2,13,0750,2019,2,13,23,0
1550070000000,6-0001,18875505720,1,13,0755,2019,2,13,23,0
1550070000000,17-0019,18875505722,1,13,0755,2019,2,13,23,0
1550070000000,13-0013,18875505726,1,13,0755,2019,2,13,23,0
1550070000000,6-0018,18875505737,1,13,0755,2019,2,13,23,0
1550070000000,15-0012,18875505742,1,13,0755,2019,2,13,23,0
1550070000000,10-0015,18875505753,1,13,0755,2019,2,13,23,0
1550070000000,7-0011,18875505755,1,13,0755,2019,2,13,23,0
1550070000000,5-0005,18875505774,1,13,0755,2019,2,13,23,0
1550070000000,12-0010,18875505775,1,13,0755,2019,2,13,23,0
1550070000000,13-0008,18875505776,1,13,0755,2019,2,13,23,0
1550070000000,8-0015,18875505803,3,11,0,2019,2,13,23,0
1550070000000,6-0001,18875505805,3,14,0,2019,2,13,23,0
1550070000000,13-0005,18875505810,1,13,0755,2019,2,13,23,0
1550070000000,5-0018,18875505812,1,13,0755,2019,2,13,23,0
1550070000000,24-0016,18875505814,2,13,0750,2019,2,13,23,0
1550070000000,23-0000,18875505823,1,13,0755,2019,2,13,23,0
1550070000000,12-0009,18875505824,1,13,0755,2019,2,13,23,0
1550070000000,11-0011,18875505827,1,13,0755,2019,2,13,23,0
1550070000000,15-0006,18875505837,1,13,0755,2019,2,13,23,0
1550070000000,23-0006,18875505840,1,13,0755,2019,2,13,23,0
1550070000000,6-0019,18875505844,1,13,0755,2019,2,13,23,0
1550070000000,20-0002,18875505857,1,13,0755,2019,2,13,23,0
1550070000000,19-0013,18875505858,1,13,0755,2019,2,13,23,0
1550070000000,10-0009,18875505873,1,13,0755,2019,2,13,23,0
1550070000000,7-0017,18875505882,1,13,0755,2019,2,13,23,0
1550070000000,10-0000,18875505885,1,13,0755,2019,2,13,23,0
1550070000000,12-0015,18875505888,1,13,0755,2019,2,13,23,0
1550070000000,12-0013,18875505892,1,13,0755,2019,2,13,23,0
1550070000000,8-0017,18875505905,3,14,0,2019,2,13,23,0
1550070000000,4-0007,18875505920,1,13,0755,2019,2,13,23,0
1550070000000,9-0011,18875505922,1,13,0755,2019,2,13,23,0
1550070000000,14-0009,18875505927,1,13,0755,2019,2,13,23,0
1550070000000,17-0002,18875505935,1,13,0755,2019,2,13,23,0
1550070000000,4-0019,18875505944,1,13,0755,2019,2,13,23,0
1550070000000,21-0019,18875505949,1,13,0755,2019,2,13,23,0
1550070000000,20-0014,18875505954,1,13,0755,2019,2,13,23,0
1550070000000,4-0019,18875505972,1,13,0755,2019,2,13,23,0
1550070000000,21-0005,18875505980,1,13,0755,2019,2,13,23,0
1550070000000,15-0011,18875505988,1,13,0755,2019,2,13,23,0
1550070000000,24-0017,18875506001,4,0,0,2019,2,13,23,0
1550070000000,20-0016,18875506013,2,13,020,2019,2,13,23,0
1550070000000,7-0005,18875506014,2,13,0750,2019,2,13,23,0
1550070000000,24-0016,18875506016,2,13,0753,2019,2,13,23,0
1550070000000,10-0017,18875506029,1,13,0755,2019,2,13,23,0
1550070000000,16-0010,18875506042,1,13,0755,2019,2,13,23,0
1550070000000,24-0006,18875506056,1,13,0755,2019,2,13,23,0
1550070000000,19-0000,18875506066,1,13,0755,2019,2,13,23,0
1550070000000,24-0001,18875506068,1,13,0755,2019,2,13,23,0
1550070000000,7-0007,18875506070,1,13,0755,2019,2,13,23,0
1550070000000,14-0008,18875506071,1,13,0755,2019,2,13,23,0
1550070000000,19-0013,18875506079,1,13,0755,2019,2,13,23,0
1550070000000,6-0018,18875506084,1,13,0755,2019,2,13,23,0
1550070000000,19-0018,18875506091,1,13,0755,2019,2,13,23,0
1550070000000,11-0012,18875506092,1,13,0755,2019,2,13,23,0
1550070000000,16-0010,18875506116,2,13,0753,2019,2,13,23,0
1550070000000,24-0005,18875506119,1,13,0755,2019,2,13,23,0
1550070000000,19-0013,18875506121,1,13,0755,2019,2,13,23,0
1550070000000,17-0008,18875506122,1,13,0755,2019,2,13,23,0
1550070000000,16-0018,18875506123,1,13,0755,2019,2,13,23,0
1550070000000,5-0015,18875506126,1,13,0755,2019,2,13,23,0
1550070000000,22-0019,18875506140,1,13,0755,2019,2,13,23,0
1550070000000,16-0003,18875506141,1,13,0755,2019,2,13,23,0
1550070000000,17-0018,18875506150,0,0,0,2019,2,13,23,0
1550070000000,17-0010,18875506163,1,13,0755,2019,2,13,23,0
1550070000000,15-0019,18875506178,1,13,0755,2019,2,13,23,0
1550070000000,20-0019,18875506181,1,13,0755,2019,2,13,23,0
1550070000000,14-0001,18875506199,1,13,0755,2019,2,13,23,0
1550070000000,8-0000,18875506202,3,10,0,2019,2,13,23,0
1550070000000,21-0008,18875506205,3,14,0,2019,2,13,23,0
1550070000000,11-0013,18875506218,2,13,0757,2019,2,13,23,0
1550070000000,19-0006,18875506245,1,13,0755,2019,2,13,23,0
1550070000000,17-0012,18875506248,1,13,0755,2019,2,13,23,0
1550070000000,23-0013,18875506249,1,13,0755,2019,2,13,23,0
1550070000000,6-0012,18875506256,1,13,0755,2019,2,13,23,0
1550070000000,13-0012,18875506257,1,13,0755,2019,2,13,23,0
1550070000000,20-0007,18875506259,1,13,0755,2019,2,13,23,0
1550070000000,10-0015,18875506264,1,13,0755,2019,2,13,23,0
1550070000000,18-0018,18875506265,1,13,0755,2019,2,13,23,0
1550070000000,17-0003,18875506266,1,13,0755,2019,2,13,23,0
1550070000000,11-0014,18875506267,1,13,0755,2019,2,13,23,0
1550070000000,4-0008,18875506271,1,13,0755,2019,2,13,23,0
1550070000000,22-0013,18875506282,1,13,0755,2019,2,13,23,0
1550070000000,21-0010,18875506289,1,13,0755,2019,2,13,23,0
1550070000000,4-0019,18875506297,1,13,0755,2019,2,13,23,0
1550070000000,10-0006,18875506319,1,13,0755,2019,2,13,23,0
1550070000000,18-0010,18875506320,1,13,0755,2019,2,13,23,0
1550070000000,11-0003,18875506321,1,13,0755,2019,2,13,23,0
1550070000000,4-0016,18875506329,1,13,0755,2019,2,13,23,0
1550070000000,21-0004,18875506332,1,13,0755,2019,2,13,23,0
1550070000000,18-0016,18875506343,1,13,0755,2019,2,13,23,0
1550070000000,11-0004,18875506359,1,13,0755,2019,2,13,23,0
1550070000000,8-0008,18875506362,1,13,0755,2019,2,13,23,0
1550070000000,24-0003,18875506370,1,13,0755,2019,2,13,23,0
1550070000000,24-0002,18875506384,1,13,0755,2019,2,13,23,0
1550070000000,21-0006,18875506385,1,13,0755,2019,2,13,23,0
1550070000000,16-0012,18875506416,2,13,0753,2019,2,13,23,0
1550070000000,17-0007,18875506429,1,13,0755,2019,2,13,23,0
1550070000000,4-0012,18875506436,1,13,0755,2019,2,13,23,0
1550070000000,9-0014,18875506448,1,13,0755,2019,2,13,23,0
1550070000000,12-0001,18875506449,1,13,0755,2019,2,13,23,0
1550070000000,13-0009,18875506454,1,13,0755,2019,2,13,23,0
1550070000000,13-0015,18875506470,1,13,0755,2019,2,13,23,0
1550070000000,5-0009,18875506476,1,13,0755,2019,2,13,23,0
1550070000000,14-0011,18875506481,1,13,0755,2019,2,13,23,0
1550070000000,20-0015,18875506484,1,13,0755,2019,2,13,23,0
1550070000000,13-0014,18875506485,1,13,0755,2019,2,13,23,0
1550070000000,9-0001,18875506492,1,13,0755,2019,2,13,23,0
1550070000000,5-0011,18875506494,1,13,0755,2019,2,13,23,0
1550070000000,14-0009,18875506499,1,13,0755,2019,2,13,23,0
1550070000000,4-0005,18875506508,3,24,0,2019,2,13,23,0
1550070000000,15-0012,18875506532,1,13,0755,2019,2,13,23,0
1550070000000,13-0001,18875506536,1,13,0755,2019,2,13,23,0
1550070000000,15-0019,18875506546,1,13,0755,2019,2,13,23,0
1550070000000,22-0011,18875506551,1,13,0755,2019,2,13,23,0
1550070000000,18-0000,18875506589,1,13,0755,2019,2,13,23,0
1550070000000,5-0006,18875506594,1,13,0755,2019,2,13,23,0
1550070000000,24-0000,18875506600,1,13,0755,2019,2,13,23,0
1550070000000,6-0002,18875506610,1,13,0755,2019,2,13,23,0
1550070000000,10-0001,18875506616,2,13,0753,2019,2,13,23,0
1550070000000,12-0009,18875506621,1,13,0755,2019,2,13,23,0
1550070000000,19-0011,18875506623,1,13,0755,2019,2,13,23,0
1550070000000,18-0014,18875506635,1,13,0755,2019,2,13,23,0
1550070000000,23-0008,18875506643,1,13,0755,2019,2,13,23,0
1550070000000,21-0001,18875506646,1,13,0755,2019,2,13,23,0
1550070000000,23-0006,18875506647,1,13,0755,2019,2,13,23,0
1550070000000,12-0012,18875506650,0,0,0,2019,2,13,23,0
1550070000000,12-0015,18875506671,1,13,0755,2019,2,13,23,0
1550070000000,22-0007,18875506672,1,13,0755,2019,2,13,23,0
1550070000000,17-0004,18875506676,1,13,0755,2019,2,13,23,0
1550070000000,9-0008,18875506683,1,13,0755,2019,2,13,23,0
1550070000000,24-0011,18875506684,1,13,0755,2019,2,13,23,0
1550070000000,14-0011,18875506692,1,13,0755,2019,2,13,23,0
1550070000000,21-0014,18875506694,1,13,0755,2019,2,13,23,0
1550070000000,14-0019,18875506714,2,13,0750,2019,2,13,23,0
1550070000000,6-0017,18875506715,2,13,0758,2019,2,13,23,0
1550070000000,24-0014,18875506716,2,13,0753,2019,2,13,23,0
1550070000000,21-0003,18875506720,1,13,0755,2019,2,13,23,0
1550070000000,17-0012,18875506725,1,13,0755,2019,2,13,23,0
1550070000000,21-0009,18875506731,1,13,0755,2019,2,13,23,0
1550070000000,13-0006,18875506734,1,13,0755,2019,2,13,23,0
1550070000000,17-0015,18875506736,1,13,0755,2019,2,13,23,0
1550070000000,16-0018,18875506740,1,13,0755,2019,2,13,23,0
1550070000000,24-0018,18875506756,1,13,0755,2019,2,13,23,0
1550070000000,11-0009,18875506765,1,13,0755,2019,2,13,23,0
1550070000000,6-0013,18875506786,1,13,0755,2019,2,13,23,0
1550070000000,5-0015,18875506797,1,13,0755,2019,2,13,23,0
1550070000000,12-0008,18875506804,3,12,0,2019,2,13,23,0
1550070000000,18-0002,18875506813,2,13,020,2019,2,13,23,0
1550070000000,10-0008,18875506818,2,13,0757,2019,2,13,23,0
1550070000000,5-0015,18875506843,1,13,0755,2019,2,13,23,0
1550070000000,18-0003,18875506864,1,13,0755,2019,2,13,23,0
1550070000000,6-0009,18875506869,1,13,0755,2019,2,13,23,0
1550070000000,14-0003,18875506870,1,13,0755,2019,2,13,23,0
1550070000000,10-0003,18875506880,1,13,0755,2019,2,13,23,0
1550070000000,10-0017,18875506881,1,13,0755,2019,2,13,23,0
1550070000000,21-0000,18875506882,1,13,0755,2019,2,13,23,0
1550070000000,20-0017,18875506889,1,13,0755,2019,2,13,23,0
1550070000000,11-0003,18875506897,1,13,0755,2019,2,13,23,0
1550070000000,24-0002,18875506900,1,13,0755,2019,2,13,23,0
1550070000000,9-0000,18875506901,4,0,0,2019,2,13,23,0
1550070000000,7-0009,18875506902,3,10,0,2019,2,13,23,0
1550070000000,15-0000,18875506915,2,13,0758,2019,2,13,23,0
1550070000000,10-0019,18875506917,2,13,0752,2019,2,13,23,0
1550070000000,9-0013,18875506931,1,13,0755,2019,2,13,23,0
1550070000000,22-0014,18875506935,1,13,0755,2019,2,13,23,0
1550070000000,23-0004,18875506936,1,13,0755,2019,2,13,23,0
1550070000000,13-0010,18875506939,1,13,0755,2019,2,13,23,0
1550070000000,6-0007,18875506941,1,13,0755,2019,2,13,23,0
1550070000000,23-0006,18875506943,1,13,0755,2019,2,13,23,0
1550070000000,5-0003,18875506960,1,13,0755,2019,2,13,23,0
1550070000000,16-0019,18875506963,1,13,0755,2019,2,13,23,0
1550070000000,10-0005,18875506964,1,13,0755,2019,2,13,23,0
1550070000000,21-0000,18875506970,1,13,0755,2019,2,13,23,0
1550070000000,11-0002,18875506976,1,13,0755,2019,2,13,23,0
1550070000000,11-0005,18875506990,1,13,0755,2019,2,13,23,0
1550070000000,5-0015,18875506994,1,13,0755,2019,2,13,23,0
1550070000000,8-0004,18875506996,1,13,0755,2019,2,13,23,0
1550070000000,21-0007,18875506998,1,13,0755,2019,2,13,23,0
1550070000000,11-0007,18875507002,3,10,0,2019,2,13,23,0
1550070000000,8-0011,18875507004,3,12,0,2019,2,13,23,0
1550070000000,21-0004,18875507006,3,21,0,2019,2,13,23,0
1550070000000,24-0012,18875507009,1,13,0755,2019,2,13,23,0
1550070000000,19-0016,18875507030,1,13,0755,2019,2,13,23,0
1550070000000,9-0008,18875507035,1,13,0755,2019,2,13,23,0
1550070000000,17-0019,18875507043,1,13,0755,2019,2,13,23,0
1550070000000,15-0005,18875507045,1,13,0755,2019,2,13,23,0
1550070000000,15-0003,18875507046,1,13,0755,2019,2,13,23,0
1550070000000,8-0004,18875507048,1,13,0755,2019,2,13,23,0
1550070000000,23-0010,18875507056,1,13,0755,2019,2,13,23,0
1550070000000,11-0013,18875507059,1,13,0755,2019,2,13,23,0
1550070000000,5-0014,18875507062,1,13,0755,2019,2,13,23,0
1550070000000,10-0016,18875507067,1,13,0755,2019,2,13,23,0
1550070000000,18-0016,18875507085,1,13,0755,2019,2,13,23,0
1550070000000,23-0012,18875507095,1,13,0755,2019,2,13,23,0
1550070000000,10-0019,18875507100,1,13,0755,2019,2,13,23,0
1550070000000,16-0007,18875507101,4,0,0,2019,2,13,23,0
1550070000000,8-0018,18875507102,3,10,0,2019,2,13,23,0
1550070000000,5-0000,18875507108,3,24,0,2019,2,13,23,0
1550070000000,12-0011,18875507129,1,13,0755,2019,2,13,23,0
1550070000000,11-0015,18875507132,1,13,0755,2019,2,13,23,0
1550070000000,7-0010,18875507133,1,13,0755,2019,2,13,23,0
1550070000000,16-0018,18875507138,1,13,0755,2019,2,13,23,0
1550070000000,6-0009,18875507146,1,13,0755,2019,2,13,23,0
1550070000000,6-0013,18875507167,1,13,0755,2019,2,13,23,0
1550070000000,12-0007,18875507169,1,13,0755,2019,2,13,23,0
1550070000000,4-0017,18875507172,1,13,0755,2019,2,13,23,0
1550070000000,4-0000,18875507175,1,13,0755,2019,2,13,23,0
1550070000000,5-0008,18875507194,1,13,0755,2019,2,13,23,0
1550070000000,9-0002,18875507196,1,13,0755,2019,2,13,23,0
1550070000000,24-0008,18875507197,1,13,0755,2019,2,13,23,0
1550070000000,5-0003,18875507199,1,13,0755,2019,2,13,23,0
1550070000000,14-0004,18875507201,4,0,0,2019,2,13,23,0
1550070000000,14-0003,18875507206,3,21,0,2019,2,13,23,0
1550070000000,11-0003,18875507214,2,13,0750,2019,2,13,23,0
1550070000000,15-0012,18875507217,2,13,0752,2019,2,13,23,0
1550070000000,18-0010,18875507227,1,13,0755,2019,2,13,23,0
1550070000000,12-0000,18875507240,1,13,0755,2019,2,13,23,0
1550070000000,14-0016,18875507241,1,13,0755,2019,2,13,23,0
1550070000000,18-0014,18875507247,1,13,0755,2019,2,13,23,0
1550070000000,11-0004,18875507251,1,13,0755,2019,2,13,23,0
1550070000000,13-0000,18875507252,1,13,0755,2019,2,13,23,0
1550070000000,20-0010,18875507253,1,13,0755,2019,2,13,23,0
1550070000000,10-0008,18875507254,1,13,0755,2019,2,13,23,0
1550070000000,6-0015,18875507262,1,13,0755,2019,2,13,23,0
1550070000000,15-0002,18875507274,1,13,0755,2019,2,13,23,0
1550070000000,4-0001,18875507282,1,13,0755,2019,2,13,23,0
1550070000000,11-0005,18875507294,1,13,0755,2019,2,13,23,0
1550070000000,23-0016,18875507298,1,13,0755,2019,2,13,23,0
1550070000000,24-0004,18875507302,3,10,0,2019,2,13,23,0
1550070000000,5-0002,18875507306,3,21,0,2019,2,13,23,0
1550070000000,5-0012,18875507307,3,22,0,2019,2,13,23,0
1550070000000,22-0009,18875507315,2,13,0758,2019,2,13,23,0
1550070000000,10-0001,18875507317,2,13,0752,2019,2,13,23,0
1550070000000,20-0011,18875507318,2,13,0757,2019,2,13,23,0
1550070000000,7-0018,18875507326,1,13,0755,2019,2,13,23,0
1550070000000,20-0005,18875507328,1,13,0755,2019,2,13,23,0
1550070000000,17-0004,18875507329,1,13,0755,2019,2,13,23,0
1550070000000,9-0005,18875507339,1,13,0755,2019,2,13,23,0
1550070000000,18-0015,18875507346,1,13,0755,2019,2,13,23,0
1550070000000,18-0008,18875507351,1,13,0755,2019,2,13,23,0
1550070000000,5-0014,18875507352,1,13,0755,2019,2,13,23,0
1550070000000,21-0008,18875507363,1,13,0755,2019,2,13,23,0
1550070000000,15-0016,18875507371,1,13,0755,2019,2,13,23,0
1550070000000,18-0010,18875507372,1,13,0755,2019,2,13,23,0
1550070000000,7-0004,18875507387,1,13,0755,2019,2,13,23,0
1550070000000,18-0015,18875507399,1,13,0755,2019,2,13,23,0
1550070000000,11-0010,18875507405,3,14,0,2019,2,13,23,0
1550070000000,23-0006,18875507410,1,13,0755,2019,2,13,23,0
1550070000000,15-0014,18875507424,1,13,0755,2019,2,13,23,0
1550070000000,19-0012,18875507430,1,13,0755,2019,2,13,23,0
1550070000000,12-0007,18875507431,1,13,0755,2019,2,13,23,0
1550070000000,8-0015,18875507434,1,13,0755,2019,2,13,23,0
1550070000000,22-0015,18875507467,1,13,0755,2019,2,13,23,0
1550070000000,6-0002,18875507490,1,13,0755,2019,2,13,23,0
1550070000000,12-0013,18875507494,1,13,0755,2019,2,13,23,0
1550070000000,24-0012,18875507508,3,24,0,2019,2,13,23,0
1550070000000,16-0003,18875507512,1,13,0755,2019,2,13,23,0
1550070000000,24-0006,18875507518,2,13,0757,2019,2,13,23,0
1550070000000,4-0002,18875507521,1,13,0755,2019,2,13,23,0
1550070000000,18-0010,18875507525,1,13,0755,2019,2,13,23,0
1550070000000,7-0019,18875507529,1,13,0755,2019,2,13,23,0
1550070000000,14-0016,18875507535,1,13,0755,2019,2,13,23,0
1550070000000,4-0001,18875507539,1,13,0755,2019,2,13,23,0
1550070000000,10-0017,18875507558,1,13,0755,2019,2,13,23,0
1550070000000,17-0011,18875507566,1,13,0755,2019,2,13,23,0
1550070000000,14-0008,18875507576,1,13,0755,2019,2,13,23,0
1550070000000,13-0001,18875507577,1,13,0755,2019,2,13,23,0
1550070000000,15-0018,18875507579,1,13,0755,2019,2,13,23,0
1550070000000,21-0000,18875507591,1,13,0755,2019,2,13,23,0
1550070000000,19-0019,18875507597,1,13,0755,2019,2,13,23,0
1550070000000,16-0000,18875507608,3,24,0,2019,2,13,23,0
1550070000000,6-0018,18875507609,1,13,0755,2019,2,13,23,0
1550070000000,11-0019,18875507613,2,13,020,2019,2,13,23,0
1550070000000,20-0006,18875507635,1,13,0755,2019,2,13,23,0
1550070000000,8-0015,18875507637,1,13,0755,2019,2,13,23,0
1550070000000,23-0019,18875507641,1,13,0755,2019,2,13,23,0
1550070000000,5-0000,18875507649,1,13,0755,2019,2,13,23,0
1550070000000,23-0000,18875507650,0,0,0,2019,2,13,23,0
1550070000000,21-0003,18875507658,1,13,0755,2019,2,13,23,0
1550070000000,5-0006,18875507669,1,13,0755,2019,2,13,23,0
1550070000000,12-0014,18875507674,1,13,0755,2019,2,13,23,0
1550070000000,21-0011,18875507694,1,13,0755,2019,2,13,23,0
1550070000000,24-0009,18875507704,3,12,0,2019,2,13,23,0
1550070000000,18-0015,18875507709,1,13,0755,2019,2,13,23,0
1550070000000,14-0008,18875507714,2,13,0750,2019,2,13,23,0
1550070000000,15-0006,18875507718,2,13,0757,2019,2,13,23,0
1550070000000,9-0017,18875507727,1,13,0755,2019,2,13,23,0
1550070000000,16-0011,18875507728,1,13,0755,2019,2,13,23,0
1550070000000,14-0008,18875507730,1,13,0755,2019,2,13,23,0
1550070000000,14-0006,18875507733,1,13,0755,2019,2,13,23,0
1550070000000,13-0002,18875507736,1,13,0755,2019,2,13,23,0
1550070000000,17-0003,18875507744,1,13,0755,2019,2,13,23,0
1550070000000,21-0013,18875507760,1,13,0755,2019,2,13,23,0
1550070000000,12-0015,18875507764,1,13,0755,2019,2,13,23,0
1550070000000,21-0014,18875507771,1,13,0755,2019,2,13,23,0
1550070000000,4-0000,18875507772,1,13,0755,2019,2,13,23,0
1550070000000,15-0002,18875507777,1,13,0755,2019,2,13,23,0
1550070000000,18-0005,18875507788,1,13,0755,2019,2,13,23,0
1550070000000,22-0007,18875507789,1,13,0755,2019,2,13,23,0
1550070000000,21-0015,18875507792,1,13,0755,2019,2,13,23,0
1550070000000,6-0010,18875507803,3,11,0,2019,2,13,23,0
1550070000000,13-0004,18875507809,1,13,0755,2019,2,13,23,0
1550070000000,18-0003,18875507815,2,13,0758,2019,2,13,23,0
1550070000000,10-0002,18875507820,1,13,0755,2019,2,13,23,0
1550070000000,14-0010,18875507827,1,13,0755,2019,2,13,23,0
1550070000000,14-0008,18875507829,1,13,0755,2019,2,13,23,0
1550070000000,10-0000,18875507845,1,13,0755,2019,2,13,23,0
1550070000000,17-0008,18875507857,1,13,0755,2019,2,13,23,0
1550070000000,9-0016,18875507863,1,13,0755,2019,2,13,23,0
1550070000000,8-0003,18875507888,1,13,0755,2019,2,13,23,0
1550070000000,6-0015,18875507896,1,13,0755,2019,2,13,23,0
1550070000000,21-0019,18875507908,3,24,0,2019,2,13,23,0
1550070000000,7-0012,18875507916,2,13,0753,2019,2,13,23,0
1550070000000,17-0015,18875507922,1,13,0755,2019,2,13,23,0
1550070000000,12-0014,18875507927,1,13,0755,2019,2,13,23,0
1550070000000,16-0017,18875507934,1,13,0755,2019,2,13,23,0
1550070000000,4-0004,18875507935,1,13,0755,2019,2,13,23,0
1550070000000,5-0005,18875507940,1,13,0755,2019,2,13,23,0
1550070000000,6-0017,18875507947,1,13,0755,2019,2,13,23,0
1550070000000,15-0014,18875507952,1,13,0755,2019,2,13,23,0
1550070000000,8-0016,18875507955,1,13,0755,2019,2,13,23,0
1550070000000,14-0002,18875507956,1,13,0755,2019,2,13,23,0
1550070000000,11-0004,18875507957,1,13,0755,2019,2,13,23,0
1550070000000,8-0006,18875507965,1,13,0755,2019,2,13,23,0
1550070000000,15-0007,18875507973,1,13,0755,2019,2,13,23,0
1550070000000,17-0019,18875507979,1,13,0755,2019,2,13,23,0
1550070000000,18-0011,18875507982,1,13,0755,2019,2,13,23,0
1550070000000,22-0006,18875507985,1,13,0755,2019,2,13,23,0
1550070000000,23-0006,18875507989,1,13,0755,2019,2,13,23,0
1550070000000,12-0013,18875508001,4,0,0,2019,2,13,23,0
1550070000000,7-0007,18875508002,3,10,0,2019,2,13,23,0
1550070000000,7-0006,18875508010,1,13,0755,2019,2,13,23,0
1550070000000,14-0016,18875508012,1,13,0755,2019,2,13,23,0
1550070000000,21-0002,18875508019,1,13,0755,2019,2,13,23,0
1550070000000,18-0012,18875508037,1,13,0755,2019,2,13,23,0
1550070000000,4-0012,18875508051,1,13,0755,2019,2,13,23,0
1550070000000,20-0010,18875508056,1,13,0755,2019,2,13,23,0
1550070000000,21-0018,18875508062,1,13,0755,2019,2,13,23,0
1550070000000,12-0001,18875508072,1,13,0755,2019,2,13,23,0
1550070000000,7-0006,18875508082,1,13,0755,2019,2,13,23,0
1550070000000,7-0002,18875508086,1,13,0755,2019,2,13,23,0
1550070000000,19-0016,18875508101,4,0,0,2019,2,13,23,0
1550070000000,14-0010,18875508106,3,21,0,2019,2,13,23,0
1550070000000,12-0002,18875508134,1,13,0755,2019,2,13,23,0
1550070000000,17-0014,18875508135,1,13,0755,2019,2,13,23,0
1550070000000,13-0000,18875508147,1,13,0755,2019,2,13,23,0
1550070000000,6-0010,18875508154,1,13,0755,2019,2,13,23,0
1550070000000,6-0018,18875508161,1,13,0755,2019,2,13,23,0
1550070000000,14-0000,18875508167,1,13,0755,2019,2,13,23,0
1550070000000,22-0017,18875508172,1,13,0755,2019,2,13,23,0
1550070000000,7-0017,18875508178,1,13,0755,2019,2,13,23,0
1550070000000,22-0000,18875508195,1,13,0755,2019,2,13,23,0
1550070000000,22-0004,18875508207,3,22,0,2019,2,13,23,0
1550070000000,4-0001,18875508221,1,13,0755,2019,2,13,23,0
1550070000000,21-0007,18875508224,1,13,0755,2019,2,13,23,0
1550070000000,22-0011,18875508246,1,13,0755,2019,2,13,23,0
1550070000000,9-0002,18875508250,0,0,0,2019,2,13,23,0
1550070000000,12-0002,18875508251,1,13,0755,2019,2,13,23,0
1550070000000,20-0003,18875508253,1,13,0755,2019,2,13,23,0
1550070000000,17-0018,18875508257,1,13,0755,2019,2,13,23,0
1550070000000,24-0010,18875508263,1,13,0755,2019,2,13,23,0
1550070000000,11-0005,18875508264,1,13,0755,2019,2,13,23,0
1550070000000,18-0008,18875508298,1,13,0755,2019,2,13,23,0
1550070000000,6-0008,18875508304,3,12,0,2019,2,13,23,0
1550070000000,15-0003,18875508305,3,14,0,2019,2,13,23,0
1550070000000,5-0011,18875508317,2,13,0752,2019,2,13,23,0
1550070000000,22-0006,18875508329,1,13,0755,2019,2,13,23,0
1550070000000,5-0013,18875508333,1,13,0755,2019,2,13,23,0
1550070000000,9-0002,18875508340,1,13,0755,2019,2,13,23,0
1550070000000,22-0006,18875508342,1,13,0755,2019,2,13,23,0
1550070000000,22-0012,18875508345,1,13,0755,2019,2,13,23,0
1550070000000,15-0009,18875508363,1,13,0755,2019,2,13,23,0
1550070000000,13-0013,18875508364,1,13,0755,2019,2,13,23,0
1550070000000,22-0001,18875508366,1,13,0755,2019,2,13,23,0
1550070000000,18-0008,18875508370,1,13,0755,2019,2,13,23,0
1550070000000,9-0003,18875508379,1,13,0755,2019,2,13,23,0
1550070000000,5-0012,18875508382,1,13,0755,2019,2,13,23,0
1550070000000,6-0007,18875508394,1,13,0755,2019,2,13,23,0
1550070000000,8-0006,18875508400,1,13,0755,2019,2,13,23,0
1550070000000,9-0012,18875508401,4,0,0,2019,2,13,23,0
1550070000000,8-0016,18875508402,3,10,0,2019,2,13,23,0
1550070000000,14-0014,18875508416,2,13,0753,2019,2,13,23,0
1550070000000,11-0015,18875508423,1,13,0755,2019,2,13,23,0
1550070000000,4-0012,18875508426,1,13,0755,2019,2,13,23,0
1550070000000,23-0009,18875508452,1,13,0755,2019,2,13,23,0
1550070000000,21-0010,18875508453,1,13,0755,2019,2,13,23,0
1550070000000,19-0005,18875508458,1,13,0755,2019,2,13,23,0
1550070000000,17-0016,18875508459,1,13,0755,2019,2,13,23,0
1550070000000,10-0015,18875508482,1,13,0755,2019,2,13,23,0
1550070000000,4-0014,18875508500,1,13,0755,2019,2,13,23,0
1550070000000,6-0002,18875508529,1,13,0755,2019,2,13,23,0
1550070000000,10-0012,18875508540,1,13,0755,2019,2,13,23,0
1550070000000,8-0002,18875508541,1,13,0755,2019,2,13,23,0
1550070000000,16-0008,18875508549,1,13,0755,2019,2,13,23,0
1550070000000,7-0015,18875508575,1,13,0755,2019,2,13,23,0
1550070000000,20-0006,18875508577,1,13,0755,2019,2,13,23,0
1550070000000,13-0018,18875508579,1,13,0755,2019,2,13,23,0
1550070000000,9-0011,18875508581,1,13,0755,2019,2,13,23,0
1550070000000,16-0015,18875508587,1,13,0755,2019,2,13,23,0
1550070000000,13-0014,18875508594,1,13,0755,2019,2,13,23,0
1550070000000,14-0013,18875508599,1,13,0755,2019,2,13,23,0
1550070000000,23-0018,18875508606,3,21,0,2019,2,13,23,0
1550070000000,10-0016,18875508608,3,24,0,2019,2,13,23,0
1550070000000,17-0014,18875508620,1,13,0755,2019,2,13,23,0
1550070000000,4-0010,18875508629,1,13,0755,2019,2,13,23,0
1550070000000,4-0003,18875508643,1,13,0755,2019,2,13,23,0
1550070000000,6-0009,18875508648,1,13,0755,2019,2,13,23,0
1550070000000,12-0003,18875508649,1,13,0755,2019,2,13,23,0
1550070000000,11-0005,18875508652,1,13,0755,2019,2,13,23,0
1550070000000,22-0018,18875508659,1,13,0755,2019,2,13,23,0
1550070000000,20-0005,18875508662,1,13,0755,2019,2,13,23,0
1550070000000,19-0003,18875508669,1,13,0755,2019,2,13,23,0
1550070000000,23-0002,18875508674,1,13,0755,2019,2,13,23,0
1550070000000,4-0015,18875508675,1,13,0755,2019,2,13,23,0
1550070000000,22-0007,18875508682,1,13,0755,2019,2,13,23,0
1550070000000,23-0015,18875508689,1,13,0755,2019,2,13,23,0
1550070000000,17-0007,18875508692,1,13,0755,2019,2,13,23,0
1550070000000,6-0004,18875508700,1,13,0755,2019,2,13,23,0
1550070000000,11-0008,18875508720,1,13,0755,2019,2,13,23,0
1550070000000,6-0016,18875508722,1,13,0755,2019,2,13,23,0
1550070000000,23-0005,18875508723,1,13,0755,2019,2,13,23,0
1550070000000,14-0014,18875508737,1,13,0755,2019,2,13,23,0
1550070000000,14-0005,18875508738,1,13,0755,2019,2,13,23,0
1550070000000,5-0012,18875508743,1,13,0755,2019,2,13,23,0
1550070000000,17-0001,18875508747,1,13,0755,2019,2,13,23,0
1550070000000,6-0007,18875508748,1,13,0755,2019,2,13,23,0
1550070000000,5-0010,18875508750,0,0,0,2019,2,13,23,0
1550070000000,23-0003,18875508752,1,13,0755,2019,2,13,23,0
1550070000000,11-0016,18875508759,1,13,0755,2019,2,13,23,0
1550070000000,22-0009,18875508769,1,13,0755,2019,2,13,23,0
1550070000000,24-0017,18875508771,1,13,0755,2019,2,13,23,0
1550070000000,21-0013,18875508777,1,13,0755,2019,2,13,23,0
1550070000000,14-0009,18875508785,1,13,0755,2019,2,13,23,0
1550070000000,20-0006,18875508791,1,13,0755,2019,2,13,23,0
1550070000000,4-0015,18875508806,3,21,0,2019,2,13,23,0
1550070000000,18-0004,18875508811,1,13,0755,2019,2,13,23,0
1550070000000,8-0014,18875508812,1,13,0755,2019,2,13,23,0
1550070000000,11-0002,18875508813,2,13,020,2019,2,13,23,0
1550070000000,5-0000,18875508818,2,13,0757,2019,2,13,23,0
1550070000000,20-0005,18875508824,1,13,0755,2019,2,13,23,0
1550070000000,16-0019,18875508838,1,13,0755,2019,2,13,23,0
1550070000000,24-0018,18875508839,1,13,0755,2019,2,13,23,0
1550070000000,6-0014,18875508845,1,13,0755,2019,2,13,23,0
1550070000000,20-0000,18875508848,1,13,0755,2019,2,13,23,0
1550070000000,16-0002,18875508862,1,13,0755,2019,2,13,23,0
1550070000000,21-0008,18875508881,1,13,0755,2019,2,13,23,0
1550070000000,16-0005,18875508892,1,13,0755,2019,2,13,23,0
1550070000000,9-0002,18875508900,1,13,0755,2019,2,13,23,0
1550070000000,17-0018,18875508905,3,14,0,2019,2,13,23,0
1550070000000,19-0012,18875508916,2,13,0753,2019,2,13,23,0
1550070000000,20-0001,18875508923,1,13,0755,2019,2,13,23,0
1550070000000,23-0002,18875508952,1,13,0755,2019,2,13,23,0
1550070000000,6-0010,18875508963,1,13,0755,2019,2,13,23,0
1550070000000,24-0008,18875508969,1,13,0755,2019,2,13,23,0
1550070000000,21-0002,18875508970,1,13,0755,2019,2,13,23,0
1550070000000,18-0014,18875508983,1,13,0755,2019,2,13,23,0
1550070000000,13-0006,18875508985,1,13,0755,2019,2,13,23,0
1550070000000,17-0014,18875508986,1,13,0755,2019,2,13,23,0
1550070000000,7-0000,18875509000,1,13,0755,2019,2,13,23,0
1550070000000,9-0014,18875509009,1,13,0755,2019,2,13,23,0
1550070000000,21-0005,18875509021,1,13,0755,2019,2,13,23,0
1550070000000,4-0016,18875509028,1,13,0755,2019,2,13,23,0
1550070000000,13-0019,18875509052,1,13,0755,2019,2,13,23,0
1550070000000,7-0002,18875509057,1,13,0755,2019,2,13,23,0
1550070000000,4-0001,18875509068,1,13,0755,2019,2,13,23,0
1550070000000,8-0012,18875509078,1,13,0755,2019,2,13,23,0
1550070000000,23-0011,18875509091,1,13,0755,2019,2,13,23,0
1550070000000,7-0018,18875509096,1,13,0755,2019,2,13,23,0
1550070000000,21-0014,18875509101,4,0,0,2019,2,13,23,0
1550070000000,15-0011,18875509116,2,13,0753,2019,2,13,23,0
1550070000000,6-0010,18875509131,1,13,0755,2019,2,13,23,0
1550070000000,6-0017,18875509134,1,13,0755,2019,2,13,23,0
1550070000000,22-0013,18875509155,1,13,0755,2019,2,13,23,0
1550070000000,21-0002,18875509159,1,13,0755,2019,2,13,23,0
1550070000000,10-0001,18875509162,1,13,0755,2019,2,13,23,0
1550070000000,12-0016,18875509166,1,13,0755,2019,2,13,23,0
1550070000000,10-0005,18875509169,1,13,0755,2019,2,13,23,0
1550070000000,9-0017,18875509173,1,13,0755,2019,2,13,23,0
1550070000000,13-0010,18875509196,1,13,0755,2019,2,13,23,0
1550070000000,8-0012,18875509197,1,13,0755,2019,2,13,23,0
1550070000000,22-0000,18875509204,3,12,0,2019,2,13,23,0
1550070000000,21-0009,18875509206,3,21,0,2019,2,13,23,0
1550070000000,18-0005,18875509209,1,13,0755,2019,2,13,23,0
1550070000000,14-0006,18875509212,1,13,0755,2019,2,13,23,0
1550070000000,5-0000,18875509214,2,13,0750,2019,2,13,23,0
1550070000000,20-0013,18875509217,2,13,0752,2019,2,13,23,0
1550070000000,20-0003,18875509220,1,13,0755,2019,2,13,23,0
1550070000000,18-0006,18875509222,1,13,0755,2019,2,13,23,0
1550070000000,21-0013,18875509224,1,13,0755,2019,2,13,23,0
1550070000000,14-0014,18875509225,1,13,0755,2019,2,13,23,0
1550070000000,15-0003,18875509248,1,13,0755,2019,2,13,23,0
1550070000000,19-0006,18875509250,0,0,0,2019,2,13,23,0
1550070000000,18-0014,18875509252,1,13,0755,2019,2,13,23,0
1550070000000,20-0001,18875509254,1,13,0755,2019,2,13,23,0
1550070000000,19-0005,18875509264,1,13,0755,2019,2,13,23,0
1550070000000,18-0006,18875509279,1,13,0755,2019,2,13,23,0
1550070000000,19-0012,18875509284,1,13,0755,2019,2,13,23,0
1550070000000,18-0000,18875509288,1,13,0755,2019,2,13,23,0
1550070000000,10-0003,18875509290,1,13,0755,2019,2,13,23,0
1550070000000,21-0009,18875509293,1,13,0755,2019,2,13,23,0
1550070000000,13-0009,18875509302,3,10,0,2019,2,13,23,0
1550070000000,6-0013,18875509310,1,13,0755,2019,2,13,23,0
1550070000000,21-0007,18875509314,2,13,0750,2019,2,13,23,0
1550070000000,22-0004,18875509315,2,13,0758,2019,2,13,23,0
1550070000000,10-0007,18875509316,2,13,0753,2019,2,13,23,0
1550070000000,8-0018,18875509333,1,13,0755,2019,2,13,23,0
1550070000000,5-0013,18875509337,1,13,0755,2019,2,13,23,0
1550070000000,12-0007,18875509344,1,13,0755,2019,2,13,23,0
1550070000000,5-0003,18875509346,1,13,0755,2019,2,13,23,0
1550070000000,10-0012,18875509351,1,13,0755,2019,2,13,23,0
1550070000000,16-0004,18875509358,1,13,0755,2019,2,13,23,0
1550070000000,13-0009,18875509362,1,13,0755,2019,2,13,23,0
1550070000000,8-0014,18875509368,1,13,0755,2019,2,13,23,0
1550070000000,6-0015,18875509382,1,13,0755,2019,2,13,23,0
1550070000000,11-0005,18875509385,1,13,0755,2019,2,13,23,0
1550070000000,20-0015,18875509393,1,13,0755,2019,2,13,23,0
1550070000000,14-0015,18875509394,1,13,0755,2019,2,13,23,0
1550070000000,5-0010,18875509396,1,13,0755,2019,2,13,23,0
1550070000000,10-0003,18875509398,1,13,0755,2019,2,13,23,0
1550070000000,24-0008,18875509399,1,13,0755,2019,2,13,23,0
1550070000000,13-0016,18875509407,3,22,0,2019,2,13,23,0
1550070000000,4-0018,18875509412,1,13,0755,2019,2,13,23,0
1550070000000,11-0008,18875509427,1,13,0755,2019,2,13,23,0
1550070000000,13-0004,18875509429,1,13,0755,2019,2,13,23,0
1550070000000,9-0012,18875509444,1,13,0755,2019,2,13,23,0
1550070000000,20-0013,18875509445,1,13,0755,2019,2,13,23,0
1550070000000,4-0008,18875509447,1,13,0755,2019,2,13,23,0
1550070000000,5-0009,18875509452,1,13,0755,2019,2,13,23,0
1550070000000,16-0007,18875509466,1,13,0755,2019,2,13,23,0
1550070000000,10-0002,18875509467,1,13,0755,2019,2,13,23,0
1550070000000,10-0008,18875509472,1,13,0755,2019,2,13,23,0
1550070000000,7-0006,18875509473,1,13,0755,2019,2,13,23,0
1550070000000,19-0001,18875509480,1,13,0755,2019,2,13,23,0
1550070000000,24-0019,18875509481,1,13,0755,2019,2,13,23,0
1550070000000,9-0006,18875509487,1,13,0755,2019,2,13,23,0
1550070000000,9-0005,18875509498,1,13,0755,2019,2,13,23,0
1550070000000,5-0009,18875509500,1,13,0755,2019,2,13,23,0
1550070000000,20-0017,18875509505,3,14,0,2019,2,13,23,0
1550070000000,18-0011,18875509517,2,13,0752,2019,2,13,23,0
1550070000000,9-0002,18875509525,1,13,0755,2019,2,13,23,0
1550070000000,8-0006,18875509550,0,0,0,2019,2,13,23,0
1550070000000,18-0019,18875509571,1,13,0755,2019,2,13,23,0
1550070000000,5-0008,18875509574,1,13,0755,2019,2,13,23,0
1550070000000,19-0000,18875509588,1,13,0755,2019,2,13,23,0
1550070000000,19-0004,18875509589,1,13,0755,2019,2,13,23,0
1550070000000,22-0018,18875509617,2,13,0752,2019,2,13,23,0
1550070000000,22-0012,18875509623,1,13,0755,2019,2,13,23,0
1550070000000,15-0011,18875509629,1,13,0755,2019,2,13,23,0
1550070000000,18-0000,18875509635,1,13,0755,2019,2,13,23,0
1550070000000,22-0005,18875509642,1,13,0755,2019,2,13,23,0
1550070000000,11-0006,18875509658,1,13,0755,2019,2,13,23,0
1550070000000,24-0006,18875509662,1,13,0755,2019,2,13,23,0
1550070000000,18-0010,18875509665,1,13,0755,2019,2,13,23,0
1550070000000,24-0015,18875509668,1,13,0755,2019,2,13,23,0
1550070000000,13-0005,18875509671,1,13,0755,2019,2,13,23,0
1550070000000,15-0018,18875509674,1,13,0755,2019,2,13,23,0
1550070000000,4-0001,18875509681,1,13,0755,2019,2,13,23,0
1550070000000,14-0016,18875509700,1,13,0755,2019,2,13,23,0
1550070000000,20-0006,18875509706,3,21,0,2019,2,13,23,0
1550070000000,4-0004,18875509709,1,13,0755,2019,2,13,23,0
1550070000000,17-0014,18875509713,2,13,020,2019,2,13,23,0
1550070000000,19-0016,18875509715,2,13,0758,2019,2,13,23,0
1550070000000,5-0001,18875509731,1,13,0755,2019,2,13,23,0
1550070000000,23-0017,18875509740,1,13,0755,2019,2,13,23,0
1550070000000,17-0012,18875509741,1,13,0755,2019,2,13,23,0
1550070000000,22-0017,18875509755,1,13,0755,2019,2,13,23,0
1550070000000,21-0016,18875509765,1,13,0755,2019,2,13,23,0
1550070000000,12-0001,18875509770,1,13,0755,2019,2,13,23,0
1550070000000,12-0015,18875509772,1,13,0755,2019,2,13,23,0
1550070000000,23-0011,18875509773,1,13,0755,2019,2,13,23,0
1550070000000,20-0014,18875509777,1,13,0755,2019,2,13,23,0
1550070000000,22-0005,18875509796,1,13,0755,2019,2,13,23,0
1550070000000,24-0011,18875509800,1,13,0755,2019,2,13,23,0
1550070000000,24-0016,18875509807,3,22,0,2019,2,13,23,0
1550070000000,13-0018,18875509816,2,13,0753,2019,2,13,23,0
1550070000000,17-0002,18875509817,2,13,0752,2019,2,13,23,0
1550070000000,11-0018,18875509837,1,13,0755,2019,2,13,23,0
1550070000000,17-0006,18875509843,1,13,0755,2019,2,13,23,0
1550070000000,11-0014,18875509848,1,13,0755,2019,2,13,23,0
1550070000000,13-0008,18875509859,1,13,0755,2019,2,13,23,0
1550070000000,12-0018,18875509867,1,13,0755,2019,2,13,23,0
1550070000000,19-0001,18875509887,1,13,0755,2019,2,13,23,0
1550070000000,20-0008,18875509896,1,13,0755,2019,2,13,23,0
1550070000000,22-0008,18875509903,3,11,0,2019,2,13,23,0
1550070000000,17-0004,18875509904,3,12,0,2019,2,13,23,0
1550070000000,24-0001,18875509924,1,13,0755,2019,2,13,23,0
1550070000000,12-0003,18875509933,1,13,0755,2019,2,13,23,0
1550070000000,22-0018,18875509942,1,13,0755,2019,2,13,23,0
1550070000000,21-0006,18875509949,1,13,0755,2019,2,13,23,0
1550070000000,22-0016,18875509953,1,13,0755,2019,2,13,23,0
1550070000000,22-0009,18875509960,1,13,0755,2019,2,13,23,0
1550070000000,23-0002,18875509976,1,13,0755,2019,2,13,23,0
1550070000000,21-0005,18875509982,1,13,0755,2019,2,13,23,0
1550070000000,13-0001,18875509998,1,13,0755,2019,2,13,23,0
