1549646100000,23-0007,18875500025,1,13,0755,2019,2,9,1,15
1549646100000,10-0012,18875500060,1,13,0755,2019,2,9,1,15
1549646100000,15-0015,18875500063,1,13,0755,2019,2,9,1,15
1549646100000,10-0007,18875500081,1,13,0755,2019,2,9,1,15
1549646100000,16-0014,18875500093,1,13,0755,2019,2,9,1,15
1549646100000,4-0015,18875500110,1,13,0755,2019,2,9,1,15
1549646100000,11-0004,18875500115,2,13,0758,2019,2,9,1,15
1549646100000,9-0018,18875500136,1,13,0755,2019,2,9,1,15
1549646100000,22-0017,18875500137,1,13,0755,2019,2,9,1,15
1549646100000,15-0011,18875500146,1,13,0755,2019,2,9,1,15
1549646100000,16-0001,18875500208,3,24,0,2019,2,9,1,15
1549646100000,4-0000,18875500258,1,13,0755,2019,2,9,1,15
1549646100000,7-0000,18875500262,1,13,0755,2019,2,9,1,15
1549646100000,4-0004,18875500275,1,13,0755,2019,2,9,1,15
1549646100000,13-0004,18875500290,1,13,0755,2019,2,9,1,15
1549646100000,16-0003,18875500308,3,24,0,2019,2,9,1,15
1549646100000,24-0004,18875500326,1,13,0755,2019,2,9,1,15
1549646100000,17-0016,18875500332,1,13,0755,2019,2,9,1,15
1549646100000,23-0008,18875500343,1,13,0755,2019,2,9,1,15
1549646100000,13-0013,18875500348,1,13,0755,2019,2,9,1,15
1549646100000,6-0013,18875500398,1,13,0755,2019,2,9,1,15
1549646100000,9-0017,18875500432,1,13,0755,2019,2,9,1,15
1549646100000,9-0012,18875500459,1,13,0755,2019,2,9,1,15
1549646100000,19-0000,18875500473,1,13,0755,2019,2,9,1,15
1549646100000,11-0006,18875500492,1,13,0755,2019,2,9,1,15
1549646100000,9-0010,18875500498,1,13,0755,2019,2,9,1,15
1549646100000,12-0010,18875500507,3,22,0,2019,2,9,1,15
1549646100000,24-0019,18875500516,2,13,0753,2019,2,9,1,15
1549646100000,4-0007,18875500517,2,13,0752,2019,2,9,1,15
1549646100000,24-0004,18875500529,1,13,0755,2019,2,9,1,15
1549646100000,16-0019,18875500536,1,13,0755,2019,2,9,1,15
1549646100000,19-0006,18875500575,1,13,0755,2019,2,9,1,15
1549646100000,7-0011,18875500596,1,13,0755,2019,2,9,1,15
1549646100000,6-0000,18875500608,3,24,0,2019,2,9,1,15
1549646100000,16-0008,18875500609,1,13,0755,2019,2,9,1,15
1549646100000,5-0007,18875500653,1,13,0755,2019,2,9,1,15
1549646100000,20-0018,18875500666,1,13,0755,2019,2,9,1,15
1549646100000,12-0006,18875500681,1,13,0755,2019,2,9,1,15
1549646100000,19-0004,18875500692,1,13,0755,2019,2,9,1,15
1549646100000,11-0000,18875500716,2,13,0753,2019,2,9,1,15
1549646100000,9-0001,18875500773,1,13,0755,2019,2,9,1,15
1549646100000,21-0012,18875500809,1,13,0755,2019,2,9,1,15
1549646100000,23-0011,18875500813,2,13,020,2019,2,9,1,15
1549646100000,19-0005,18875500840,1,13,0755,2019,2,9,1,15
1549646100000,16-0004,18875500849,1,13,0755,2019,2,9,1,15
1549646100000,23-0009,18875500852,1,13,0755,2019,2,9,1,15
1549646100000,14-0011,18875500857,1,13,0755,2019,2,9,1,15
1549646100000,5-0008,18875500867,1,13,0755,2019,2,9,1,15
1549646100000,12-0001,18875500880,1,13,0755,2019,2,9,1,15
1549646100000,6-0014,18875500912,1,13,0755,2019,2,9,1,15
1549646100000,19-0004,18875500920,1,13,0755,2019,2,9,1,15
1549646100000,18-0011,18875500933,1,13,0755,2019,2,9,1,15
1549646100000,8-0017,18875500937,1,13,0755,2019,2,9,1,15
1549646100000,9-0015,18875500943,1,13,0755,2019,2,9,1,15
1549646100000,12-0009,18875500958,1,13,0755,2019,2,9,1,15
1549646100000,17-0009,18875500960,1,13,0755,2019,2,9,1,15
1549646100000,18-0016,18875500984,1,13,0755,2019,2,9,1,15
1549646100000,19-0012,18875500995,1,13,0755,2019,2,9,1,15
1549646100000,21-0017,18875500999,1,13,0755,2019,2,9,1,15
1549646100000,17-0018,18875501005,3,14,0,2019,2,9,1,15
1549646100000,10-0011,18875501059,1,13,0755,2019,2,9,1,15
1549646100000,6-0015,18875501068,1,13,0755,2019,2,9,1,15
1549646100000,22-0010,18875501079,1,13,0755,2019,2,9,1,15
1549646100000,4-0009,18875501098,1,13,0755,2019,2,9,1,15
1549646100000,4-0019,18875501105,3,14,0,2019,2,9,1,15
1549646100000,9-0014,18875501123,1,13,0755,2019,2,9,1,15
1549646100000,5-0018,18875501136,1,13,0755,2019,2,9,1,15
1549646100000,24-0008,18875501185,1,13,0755,2019,2,9,1,15
1549646100000,13-0016,18875501192,1,13,0755,2019,2,9,1,15
1549646100000,18-0005,18875501195,1,13,0755,2019,2,9,1,15
1549646100000,6-0018,18875501248,1,13,0755,2019,2,9,1,15
1549646100000,14-0018,18875501260,1,13,0755,2019,2,9,1,15
1549646100000,20-0002,18875501268,1,13,0755,2019,2,9,1,15
1549646100000,20-0003,18875501286,1,13,0755,2019,2,9,1,15
1549646100000,14-0010,18875501307,3,22,0,2019,2,9,1,15
1549646100000,7-0018,18875501309,1,13,0755,2019,2,9,1,15
1549646100000,12-0011,18875501338,1,13,0755,2019,2,9,1,15
1549646100000,18-0005,18875501348,1,13,0755,2019,2,9,1,15
1549646100000,12-0013,18875501360,1,13,0755,2019,2,9,1,15
1549646100000,6-0015,18875501364,1,13,0755,2019,2,9,1,15
1549646100000,4-0014,18875501401,4,0,0,2019,2,9,1,15
1549646100000,13-0007,18875501412,1,13,0755,2019,2,9,1,15
1549646100000,6-0009,18875501433,1,13,0755,2019,2,9,1,15
1549646100000,9-0002,18875501440,1,13,0755,2019,2,9,1,15
1549646100000,18-0016,18875501487,1,13,0755,2019,2,9,1,15
1549646100000,10-0011,18875501513,2,13,020,2019,2,9,1,15
1549646100000,15-0005,18875501528,1,13,0755,2019,2,9,1,15
1549646100000,12-0009,18875501535,1,13,0755,2019,2,9,1,15
1549646100000,9-0015,18875501539,1,13,0755,2019,2,9,1,15
1549646100000,15-0010,18875501569,1,13,0755,2019,2,9,1,15
1549646100000,19-0005,18875501580,1,13,0755,2019,2,9,1,15
1549646100000,20-0008,18875501585,1,13,0755,2019,2,9,1,15
1549646100000,8-0008,18875501589,1,13,0755,2019,2,9,1,15
1549646100000,12-0019,18875501664,1,13,0755,2019,2,9,1,15
1549646100000,9-0009,18875501673,1,13,0755,2019,2,9,1,15
1549646100000,4-0006,18875501681,1,13,0755,2019,2,9,1,15
1549646100000,9-0010,18875501685,1,13,0755,2019,2,9,1,15
1549646100000,18-0009,18875501710,1,13,0755,2019,2,9,1,15
1549646100000,15-0019,18875501712,1,13,0755,2019,2,9,1,15
1549646100000,7-0019,18875501729,1,13,0755,2019,2,9,1,15
1549646100000,6-0013,18875501760,1,13,0755,2019,2,9,1,15
1549646100000,21-0010,18875501795,1,13,0755,2019,2,9,1,15
1549646100000,18-0008,18875501809,1,13,0755,2019,2,9,1,15
1549646100000,16-0010,18875501814,2,13,0750,2019,2,9,1,15
1549646100000,10-0005,18875501827,1,13,0755,2019,2,9,1,15
1549646100000,14-0017,18875501840,1,13,0755,2019,2,9,1,15
1549646100000,22-0014,18875501859,1,13,0755,2019,2,9,1,15
1549646100000,8-0009,18875501867,1,13,0755,2019,2,9,1,15
1549646100000,20-0006,18875501879,1,13,0755,2019,2,9,1,15
1549646100000,13-0000,18875501880,1,13,0755,2019,2,9,1,15
1549646100000,8-0019,18875501925,1,13,0755,2019,2,9,1,15
1549646100000,15-0018,18875501941,1,13,0755,2019,2,9,1,15
1549646100000,6-0003,18875501956,1,13,0755,2019,2,9,1,15
1549646100000,15-0015,18875501957,1,13,0755,2019,2,9,1,15
1549646100000,7-0002,18875501984,1,13,0755,2019,2,9,1,15
1549646100000,24-0004,18875502002,3,10,0,2019,2,9,1,15
1549646100000,9-0013,18875502035,1,13,0755,2019,2,9,1,15
1549646100000,14-0003,18875502050,0,0,0,2019,2,9,1,15
1549646100000,24-0004,18875502061,1,13,0755,2019,2,9,1,15
1549646100000,6-0011,18875502107,3,22,0,2019,2,9,1,15
1549646100000,8-0019,18875502139,1,13,0755,2019,2,9,1,15
1549646100000,14-0005,18875502151,1,13,0755,2019,2,9,1,15
1549646100000,23-0019,18875502179,1,13,0755,2019,2,9,1,15
1549646100000,14-0009,18875502180,1,13,0755,2019,2,9,1,15
1549646100000,4-0010,18875502199,1,13,0755,2019,2,9,1,15
1549646100000,24-0001,18875502226,1,13,0755,2019,2,9,1,15
1549646100000,8-0017,18875502237,1,13,0755,2019,2,9,1,15
1549646100000,24-0008,18875502244,1,13,0755,2019,2,9,1,15
1549646100000,22-0018,18875502251,1,13,0755,2019,2,9,1,15
1549646100000,4-0012,18875502269,1,13,0755,2019,2,9,1,15
1549646100000,24-0012,18875502276,1,13,0755,2019,2,9,1,15
1549646100000,4-0010,18875502280,1,13,0755,2019,2,9,1,15
1549646100000,23-0007,18875502302,3,10,0,2019,2,9,1,15
1549646100000,20-0000,18875502318,2,13,0757,2019,2,9,1,15
1549646100000,23-0002,18875502333,1,13,0755,2019,2,9,1,15
1549646100000,19-0003,18875502352,1,13,0755,2019,2,9,1,15
1549646100000,16-0003,18875502356,1,13,0755,2019,2,9,1,15
1549646100000,18-0006,18875502361,1,13,0755,2019,2,9,1,15
1549646100000,7-0011,18875502370,1,13,0755,2019,2,9,1,15
1549646100000,16-0003,18875502394,1,13,0755,2019,2,9,1,15
1549646100000,5-0017,18875502404,3,12,0,2019,2,9,1,15
1549646100000,22-0013,18875502405,3,14,0,2019,2,9,1,15
1549646100000,21-0008,18875502437,1,13,0755,2019,2,9,1,15
1549646100000,20-0016,18875502474,1,13,0755,2019,2,9,1,15
1549646100000,13-0005,18875502488,1,13,0755,2019,2,9,1,15
1549646100000,20-0003,18875502499,1,13,0755,2019,2,9,1,15
1549646100000,19-0004,18875502500,1,13,0755,2019,2,9,1,15
1549646100000,17-0013,18875502509,1,13,0755,2019,2,9,1,15
1549646100000,7-0011,18875502514,2,13,0750,2019,2,9,1,15
1549646100000,8-0006,18875502603,3,11,0,2019,2,9,1,15
1549646100000,18-0003,18875502628,1,13,0755,2019,2,9,1,15
1549646100000,14-0013,18875502636,1,13,0755,2019,2,9,1,15
1549646100000,20-0015,18875502650,0,0,0,2019,2,9,1,15
1549646100000,13-0011,18875502651,1,13,0755,2019,2,9,1,15
1549646100000,24-0005,18875502660,1,13,0755,2019,2,9,1,15
1549646100000,18-0004,18875502670,1,13,0755,2019,2,9,1,15
1549646100000,4-0017,18875502686,1,13,0755,2019,2,9,1,15
1549646100000,14-0018,18875502687,1,13,0755,2019,2,9,1,15
1549646100000,10-0003,18875502689,1,13,0755,2019,2,9,1,15
1549646100000,18-0014,18875502725,1,13,0755,2019,2,9,1,15
1549646100000,5-0014,18875502768,1,13,0755,2019,2,9,1,15
1549646100000,14-0002,18875502777,1,13,0755,2019,2,9,1,15
1549646100000,4-0011,18875502823,1,13,0755,2019,2,9,1,15
1549646100000,6-0019,18875502840,1,13,0755,2019,2,9,1,15
1549646100000,8-0003,18875502856,1,13,0755,2019,2,9,1,15
1549646100000,9-0011,18875502867,1,13,0755,2019,2,9,1,15
1549646100000,11-0014,18875502901,4,0,0,2019,2,9,1,15
1549646100000,14-0005,18875502909,1,13,0755,2019,2,9,1,15
1549646100000,6-0012,18875502917,2,13,0752,2019,2,9,1,15
1549646100000,10-0013,18875502921,1,13,0755,2019,2,9,1,15
1549646100000,21-0001,18875502932,1,13,0755,2019,2,9,1,15
1549646100000,18-0004,18875502947,1,13,0755,2019,2,9,1,15
1549646100000,22-0000,18875503014,2,13,0750,2019,2,9,1,15
1549646100000,24-0011,18875503025,1,13,0755,2019,2,9,1,15
1549646100000,14-0016,18875503028,1,13,0755,2019,2,9,1,15
1549646100000,9-0003,18875503030,1,13,0755,2019,2,9,1,15
1549646100000,4-0000,18875503038,1,13,0755,2019,2,9,1,15
1549646100000,10-0000,18875503055,1,13,0755,2019,2,9,1,15
1549646100000,13-0006,18875503065,1,13,0755,2019,2,9,1,15
1549646100000,17-0002,18875503088,1,13,0755,2019,2,9,1,15
1549646100000,23-0003,18875503145,1,13,0755,2019,2,9,1,15
1549646100000,13-0019,18875503171,1,13,0755,2019,2,9,1,15
1549646100000,9-0013,18875503172,1,13,0755,2019,2,9,1,15
1549646100000,8-0006,18875503173,1,13,0755,2019,2,9,1,15
1549646100000,14-0002,18875503180,1,13,0755,2019,2,9,1,15
1549646100000,22-0001,18875503187,1,13,0755,2019,2,9,1,15
1549646100000,10-0009,18875503197,1,13,0755,2019,2,9,1,15
1549646100000,24-0015,18875503218,2,13,0757,2019,2,9,1,15
1549646100000,22-0000,18875503222,1,13,0755,2019,2,9,1,15
1549646100000,18-0015,18875503252,1,13,0755,2019,2,9,1,15
1549646100000,11-0012,18875503256,1,13,0755,2019,2,9,1,15
1549646100000,18-0003,18875503262,1,13,0755,2019,2,9,1,15
1549646100000,20-0008,18875503266,1,13,0755,2019,2,9,1,15
1549646100000,18-0013,18875503278,1,13,0755,2019,2,9,1,15
1549646100000,15-0007,18875503287,1,13,0755,2019,2,9,1,15
1549646100000,4-0003,18875503324,1,13,0755,2019,2,9,1,15
1549646100000,21-0004,18875503326,1,13,0755,2019,2,9,1,15
1549646100000,21-0005,18875503343,1,13,0755,2019,2,9,1,15
1549646100000,4-0017,18875503376,1,13,0755,2019,2,9,1,15
1549646100000,8-0012,18875503378,1,13,0755,2019,2,9,1,15
1549646100000,9-0011,18875503430,1,13,0755,2019,2,9,1,15
1549646100000,22-0005,18875503448,1,13,0755,2019,2,9,1,15
1549646100000,17-0008,18875503476,1,13,0755,2019,2,9,1,15
1549646100000,4-0006,18875503477,1,13,0755,2019,2,9,1,15
1549646100000,5-0002,18875503510,1,13,0755,2019,2,9,1,15
1549646100000,12-0001,18875503511,1,13,0755,2019,2,9,1,15
1549646100000,9-0016,18875503516,2,13,0753,2019,2,9,1,15
1549646100000,7-0017,18875503525,1,13,0755,2019,2,9,1,15
1549646100000,10-0002,18875503572,1,13,0755,2019,2,9,1,15
1549646100000,20-0003,18875503589,1,13,0755,2019,2,9,1,15
1549646100000,23-0012,18875503635,1,13,0755,2019,2,9,1,15
1549646100000,7-0006,18875503682,1,13,0755,2019,2,9,1,15
1549646100000,7-0002,18875503695,1,13,0755,2019,2,9,1,15
1549646100000,5-0004,18875503701,4,0,0,2019,2,9,1,15
1549646100000,10-0018,18875503711,1,13,0755,2019,2,9,1,15
1549646100000,5-0006,18875503729,1,13,0755,2019,2,9,1,15
1549646100000,6-0000,18875503738,1,13,0755,2019,2,9,1,15
1549646100000,20-0009,18875503776,1,13,0755,2019,2,9,1,15
1549646100000,12-0010,18875503778,1,13,0755,2019,2,9,1,15
1549646100000,7-0009,18875503782,1,13,0755,2019,2,9,1,15
1549646100000,8-0008,18875503816,2,13,0753,2019,2,9,1,15
1549646100000,22-0015,18875503818,2,13,0757,2019,2,9,1,15
1549646100000,24-0010,18875503836,1,13,0755,2019,2,9,1,15
1549646100000,5-0012,18875503850,0,0,0,2019,2,9,1,15
1549646100000,6-0012,18875503859,1,13,0755,2019,2,9,1,15
1549646100000,8-0010,18875503866,1,13,0755,2019,2,9,1,15
1549646100000,24-0011,18875503879,1,13,0755,2019,2,9,1,15
1549646100000,21-0005,18875503881,1,13,0755,2019,2,9,1,15
1549646100000,19-0005,18875503895,1,13,0755,2019,2,9,1,15
1549646100000,9-0013,18875503906,3,21,0,2019,2,9,1,15
1549646100000,13-0010,18875503919,1,13,0755,2019,2,9,1,15
1549646100000,24-0003,18875503925,1,13,0755,2019,2,9,1,15
1549646100000,4-0012,18875503935,1,13,0755,2019,2,9,1,15
1549646100000,19-0015,18875503942,1,13,0755,2019,2,9,1,15
1549646100000,17-0006,18875503956,1,13,0755,2019,2,9,1,15
1549646100000,24-0015,18875503989,1,13,0755,2019,2,9,1,15
1549646100000,10-0014,18875504006,3,21,0,2019,2,9,1,15
1549646100000,21-0003,18875504043,1,13,0755,2019,2,9,1,15
1549646100000,23-0008,18875504062,1,13,0755,2019,2,9,1,15
1549646100000,23-0018,18875504065,1,13,0755,2019,2,9,1,15
1549646100000,21-0012,18875504118,2,13,0757,2019,2,9,1,15
1549646100000,17-0007,18875504131,1,13,0755,2019,2,9,1,15
1549646100000,17-0019,18875504141,1,13,0755,2019,2,9,1,15
1549646100000,17-0002,18875504156,1,13,0755,2019,2,9,1,15
1549646100000,18-0001,18875504170,1,13,0755,2019,2,9,1,15
1549646100000,9-0007,18875504200,1,13,0755,2019,2,9,1,15
1549646100000,19-0004,18875504233,1,13,0755,2019,2,9,1,15
1549646100000,5-0017,18875504258,1,13,0755,2019,2,9,1,15
1549646100000,9-0019,18875504262,1,13,0755,2019,2,9,1,15
1549646100000,22-0000,18875504280,1,13,0755,2019,2,9,1,15
1549646100000,21-0013,18875504285,1,13,0755,2019,2,9,1,15
1549646100000,14-0002,18875504304,3,12,0,2019,2,9,1,15
1549646100000,5-0010,18875504305,3,14,0,2019,2,9,1,15
1549646100000,4-0000,18875504319,1,13,0755,2019,2,9,1,15
1549646100000,4-0005,18875504323,1,13,0755,2019,2,9,1,15
1549646100000,4-0006,18875504339,1,13,0755,2019,2,9,1,15
1549646100000,13-0019,18875504369,1,13,0755,2019,2,9,1,15
1549646100000,4-0012,18875504377,1,13,0755,2019,2,9,1,15
1549646100000,5-0013,18875504380,1,13,0755,2019,2,9,1,15
1549646100000,14-0009,18875504381,1,13,0755,2019,2,9,1,15
1549646100000,6-0002,18875504393,1,13,0755,2019,2,9,1,15
1549646100000,10-0010,18875504437,1,13,0755,2019,2,9,1,15
1549646100000,8-0007,18875504467,1,13,0755,2019,2,9,1,15
1549646100000,13-0012,18875504475,1,13,0755,2019,2,9,1,15
1549646100000,8-0016,18875504484,1,13,0755,2019,2,9,1,15
1549646100000,13-0011,18875504489,1,13,0755,2019,2,9,1,15
1549646100000,5-0011,18875504499,1,13,0755,2019,2,9,1,15
1549646100000,24-0007,18875504519,1,13,0755,2019,2,9,1,15
1549646100000,8-0006,18875504539,1,13,0755,2019,2,9,1,15
1549646100000,12-0017,18875504544,1,13,0755,2019,2,9,1,15
1549646100000,20-0007,18875504547,1,13,0755,2019,2,9,1,15
1549646100000,17-0018,18875504549,1,13,0755,2019,2,9,1,15
1549646100000,4-0011,18875504577,1,13,0755,2019,2,9,1,15
1549646100000,15-0009,18875504591,1,13,0755,2019,2,9,1,15
1549646100000,11-0017,18875504627,1,13,0755,2019,2,9,1,15
1549646100000,22-0008,18875504643,1,13,0755,2019,2,9,1,15
1549646100000,19-0017,18875504645,1,13,0755,2019,2,9,1,15
1549646100000,14-0016,18875504654,1,13,0755,2019,2,9,1,15
1549646100000,9-0016,18875504677,1,13,0755,2019,2,9,1,15
1549646100000,10-0012,18875504692,1,13,0755,2019,2,9,1,15
1549646100000,16-0008,18875504693,1,13,0755,2019,2,9,1,15
1549646100000,11-0013,18875504720,1,13,0755,2019,2,9,1,15
1549646100000,11-0005,18875504726,1,13,0755,2019,2,9,1,15
1549646100000,11-0006,18875504732,1,13,0755,2019,2,9,1,15
1549646100000,6-0011,18875504741,1,13,0755,2019,2,9,1,15
1549646100000,12-0014,18875504745,1,13,0755,2019,2,9,1,15
1549646100000,8-0014,18875504746,1,13,0755,2019,2,9,1,15
1549646100000,11-0011,18875504751,1,13,0755,2019,2,9,1,15
1549646100000,11-0005,18875504813,2,13,020,2019,2,9,1,15
1549646100000,20-0019,18875504828,1,13,0755,2019,2,9,1,15
1549646100000,12-0012,18875504853,1,13,0755,2019,2,9,1,15
1549646100000,24-0011,18875504875,1,13,0755,2019,2,9,1,15
1549646100000,15-0012,18875504890,1,13,0755,2019,2,9,1,15
1549646100000,20-0000,18875504892,1,13,0755,2019,2,9,1,15
1549646100000,14-0014,18875504899,1,13,0755,2019,2,9,1,15
1549646100000,11-0004,18875504919,1,13,0755,2019,2,9,1,15
1549646100000,4-0001,18875504922,1,13,0755,2019,2,9,1,15
1549646100000,13-0019,18875504971,1,13,0755,2019,2,9,1,15
1549646100000,11-0001,18875504976,1,13,0755,2019,2,9,1,15
1549646100000,6-0018,18875504977,1,13,0755,2019,2,9,1,15
1549646100000,6-0004,18875504987,1,13,0755,2019,2,9,1,15
1549646100000,24-0019,18875504992,1,13,0755,2019,2,9,1,15
1549646100000,10-0013,18875505015,2,13,0758,2019,2,9,1,15
1549646100000,6-0001,18875505017,2,13,0752,2019,2,9,1,15
1549646100000,11-0000,18875505032,1,13,0755,2019,2,9,1,15
1549646100000,18-0000,18875505043,1,13,0755,2019,2,9,1,15
1549646100000,16-0006,18875505057,1,13,0755,2019,2,9,1,15
1549646100000,9-0011,18875505074,1,13,0755,2019,2,9,1,15
1549646100000,5-0014,18875505093,1,13,0755,2019,2,9,1,15
1549646100000,15-0004,18875505116,2,13,0753,2019,2,9,1,15
1549646100000,11-0013,18875505132,1,13,0755,2019,2,9,1,15
1549646100000,18-0002,18875505137,1,13,0755,2019,2,9,1,15
1549646100000,10-0017,18875505144,1,13,0755,2019,2,9,1,15
1549646100000,19-0010,18875505166,1,13,0755,2019,2,9,1,15
1549646100000,6-0003,18875505199,1,13,0755,2019,2,9,1,15
1549646100000,17-0008,18875505239,1,13,0755,2019,2,9,1,15
1549646100000,16-0004,18875505253,1,13,0755,2019,2,9,1,15
1549646100000,10-0019,18875505304,3,12,0,2019,2,9,1,15
1549646100000,5-0012,18875505305,3,14,0,2019,2,9,1,15
1549646100000,12-0012,18875505319,1,13,0755,2019,2,9,1,15
1549646100000,11-0014,18875505327,1,13,0755,2019,2,9,1,15
1549646100000,6-0002,18875505330,1,13,0755,2019,2,9,1,15
1549646100000,16-0018,18875505368,1,13,0755,2019,2,9,1,15
1549646100000,23-0003,18875505371,1,13,0755,2019,2,9,1,15
1549646100000,11-0010,18875505431,1,13,0755,2019,2,9,1,15
1549646100000,20-0007,18875505452,1,13,0755,2019,2,9,1,15
1549646100000,15-0003,18875505453,1,13,0755,2019,2,9,1,15
1549646100000,21-0005,18875505463,1,13,0755,2019,2,9,1,15
1549646100000,15-0010,18875505489,1,13,0755,2019,2,9,1,15
1549646100000,19-0015,18875505491,1,13,0755,2019,2,9,1,15
1549646100000,21-0002,18875505508,3,24,0,2019,2,9,1,15
1549646100000,12-0014,18875505522,1,13,0755,2019,2,9,1,15
1549646100000,15-0014,18875505525,1,13,0755,2019,2,9,1,15
1549646100000,20-0016,18875505527,1,13,0755,2019,2,9,1,15
1549646100000,16-0015,18875505535,1,13,0755,2019,2,9,1,15
1549646100000,10-0015,18875505560,1,13,0755,2019,2,9,1,15
1549646100000,4-0000,18875505561,1,13,0755,2019,2,9,1,15
1549646100000,6-0003,18875505595,1,13,0755,2019,2,9,1,15
1549646100000,14-0008,18875505655,1,13,0755,2019,2,9,1,15
1549646100000,17-0005,18875505737,1,13,0755,2019,2,9,1,15
1549646100000,10-0018,18875505752,1,13,0755,2019,2,9,1,15
1549646100000,19-0008,18875505772,1,13,0755,2019,2,9,1,15
1549646100000,22-0003,18875505773,1,13,0755,2019,2,9,1,15
1549646100000,10-0000,18875505793,1,13,0755,2019,2,9,1,15
1549646100000,12-0009,18875505829,1,13,0755,2019,2,9,1,15
1549646100000,11-0007,18875505837,1,13,0755,2019,2,9,1,15
1549646100000,5-0005,18875505883,1,13,0755,2019,2,9,1,15
1549646100000,22-0015,18875505904,3,12,0,2019,2,9,1,15
1549646100000,11-0002,18875505909,1,13,0755,2019,2,9,1,15
1549646100000,20-0004,18875505925,1,13,0755,2019,2,9,1,15
1549646100000,14-0009,18875505953,1,13,0755,2019,2,9,1,15
1549646100000,15-0017,18875505957,1,13,0755,2019,2,9,1,15
1549646100000,14-0002,18875505968,1,13,0755,2019,2,9,1,15
1549646100000,14-0016,18875505978,1,13,0755,2019,2,9,1,15
1549646100000,11-0011,18875505989,1,13,0755,2019,2,9,1,15
1549646100000,15-0017,18875506097,1,13,0755,2019,2,9,1,15
1549646100000,20-0009,18875506104,3,12,0,2019,2,9,1,15
1549646100000,10-0005,18875506118,2,13,0757,2019,2,9,1,15
1549646100000,5-0008,18875506164,1,13,0755,2019,2,9,1,15
1549646100000,23-0013,18875506170,1,13,0755,2019,2,9,1,15
1549646100000,10-0018,18875506184,1,13,0755,2019,2,9,1,15
1549646100000,22-0005,18875506214,2,13,0750,2019,2,9,1,15
1549646100000,19-0011,18875506227,1,13,0755,2019,2,9,1,15
1549646100000,5-0016,18875506235,1,13,0755,2019,2,9,1,15
1549646100000,24-0019,18875506238,1,13,0755,2019,2,9,1,15
1549646100000,17-0019,18875506265,1,13,0755,2019,2,9,1,15
1549646100000,16-0013,18875506274,1,13,0755,2019,2,9,1,15
1549646100000,9-0013,18875506275,1,13,0755,2019,2,9,1,15
1549646100000,24-0015,18875506276,1,13,0755,2019,2,9,1,15
1549646100000,11-0011,18875506280,1,13,0755,2019,2,9,1,15
1549646100000,10-0011,18875506369,1,13,0755,2019,2,9,1,15
1549646100000,7-0001,18875506378,1,13,0755,2019,2,9,1,15
1549646100000,24-0010,18875506436,1,13,0755,2019,2,9,1,15
1549646100000,22-0012,18875506442,1,13,0755,2019,2,9,1,15
1549646100000,14-0012,18875506512,1,13,0755,2019,2,9,1,15
1549646100000,13-0018,18875506519,1,13,0755,2019,2,9,1,15
1549646100000,24-0003,18875506520,1,13,0755,2019,2,9,1,15
1549646100000,8-0001,18875506533,1,13,0755,2019,2,9,1,15
1549646100000,22-0017,18875506559,1,13,0755,2019,2,9,1,15
1549646100000,12-0016,18875506569,1,13,0755,2019,2,9,1,15
1549646100000,8-0016,18875506589,1,13,0755,2019,2,9,1,15
1549646100000,24-0012,18875506591,1,13,0755,2019,2,9,1,15
1549646100000,10-0007,18875506604,3,12,0,2019,2,9,1,15
1549646100000,10-0001,18875506610,1,13,0755,2019,2,9,1,15
1549646100000,16-0007,18875506629,1,13,0755,2019,2,9,1,15
1549646100000,15-0008,18875506650,0,0,0,2019,2,9,1,15
1549646100000,12-0017,18875506706,3,21,0,2019,2,9,1,15
1549646100000,14-0006,18875506714,2,13,0750,2019,2,9,1,15
1549646100000,16-0015,18875506723,1,13,0755,2019,2,9,1,15
1549646100000,6-0014,18875506740,1,13,0755,2019,2,9,1,15
1549646100000,17-0011,18875506743,1,13,0755,2019,2,9,1,15
1549646100000,21-0019,18875506776,1,13,0755,2019,2,9,1,15
1549646100000,6-0007,18875506778,1,13,0755,2019,2,9,1,15
1549646100000,15-0018,18875506810,1,13,0755,2019,2,9,1,15
1549646100000,12-0016,18875506819,1,13,0755,2019,2,9,1,15
1549646100000,11-0018,18875506822,1,13,0755,2019,2,9,1,15
1549646100000,6-0012,18875506824,1,13,0755,2019,2,9,1,15
1549646100000,21-0002,18875506828,1,13,0755,2019,2,9,1,15
1549646100000,12-0006,18875506847,1,13,0755,2019,2,9,1,15
1549646100000,16-0004,18875506901,4,0,0,2019,2,9,1,15
1549646100000,24-0000,18875506919,1,13,0755,2019,2,9,1,15
1549646100000,14-0012,18875506950,0,0,0,2019,2,9,1,15
1549646100000,13-0008,18875506951,1,13,0755,2019,2,9,1,15
1549646100000,7-0017,18875506961,1,13,0755,2019,2,9,1,15
1549646100000,13-0007,18875506996,1,13,0755,2019,2,9,1,15
1549646100000,16-0001,18875507002,3,10,0,2019,2,9,1,15
1549646100000,14-0004,18875507046,1,13,0755,2019,2,9,1,15
1549646100000,9-0006,18875507083,1,13,0755,2019,2,9,1,15
1549646100000,16-0007,18875507089,1,13,0755,2019,2,9,1,15
1549646100000,17-0015,18875507093,1,13,0755,2019,2,9,1,15
1549646100000,16-0010,18875507103,3,11,0,2019,2,9,1,15
1549646100000,5-0002,18875507120,1,13,0755,2019,2,9,1,15
1549646100000,20-0016,18875507143,1,13,0755,2019,2,9,1,15
1549646100000,22-0015,18875507147,1,13,0755,2019,2,9,1,15
1549646100000,23-0003,18875507153,1,13,0755,2019,2,9,1,15
1549646100000,6-0004,18875507170,1,13,0755,2019,2,9,1,15
1549646100000,20-0012,18875507174,1,13,0755,2019,2,9,1,15
1549646100000,20-0000,18875507186,1,13,0755,2019,2,9,1,15
1549646100000,16-0008,18875507207,3,22,0,2019,2,9,1,15
1549646100000,6-0005,18875507214,2,13,0750,2019,2,9,1,15
1549646100000,11-0008,18875507219,1,13,0755,2019,2,9,1,15
1549646100000,4-0007,18875507228,1,13,0755,2019,2,9,1,15
1549646100000,16-0009,18875507242,1,13,0755,2019,2,9,1,15
1549646100000,21-0011,18875507246,1,13,0755,2019,2,9,1,15
1549646100000,18-0010,18875507254,1,13,0755,2019,2,9,1,15
1549646100000,18-0001,18875507262,1,13,0755,2019,2,9,1,15
1549646100000,24-0015,18875507277,1,13,0755,2019,2,9,1,15
1549646100000,4-0019,18875507288,1,13,0755,2019,2,9,1,15
1549646100000,7-0002,18875507293,1,13,0755,2019,2,9,1,15
1549646100000,17-0006,18875507296,1,13,0755,2019,2,9,1,15
1549646100000,13-0019,18875507310,1,13,0755,2019,2,9,1,15
1549646100000,7-0008,18875507319,1,13,0755,2019,2,9,1,15
1549646100000,12-0012,18875507322,1,13,0755,2019,2,9,1,15
1549646100000,24-0002,18875507335,1,13,0755,2019,2,9,1,15
1549646100000,6-0017,18875507345,1,13,0755,2019,2,9,1,15
1549646100000,20-0015,18875507397,1,13,0755,2019,2,9,1,15
1549646100000,23-0018,18875507418,2,13,0757,2019,2,9,1,15
1549646100000,19-0006,18875507430,1,13,0755,2019,2,9,1,15
1549646100000,7-0003,18875507434,1,13,0755,2019,2,9,1,15
1549646100000,19-0015,18875507437,1,13,0755,2019,2,9,1,15
1549646100000,22-0014,18875507545,1,13,0755,2019,2,9,1,15
1549646100000,6-0018,18875507549,1,13,0755,2019,2,9,1,15
1549646100000,12-0002,18875507557,1,13,0755,2019,2,9,1,15
1549646100000,10-0001,18875507564,1,13,0755,2019,2,9,1,15
1549646100000,15-0018,18875507615,2,13,0758,2019,2,9,1,15
1549646100000,4-0017,18875507640,1,13,0755,2019,2,9,1,15
1549646100000,21-0007,18875507641,1,13,0755,2019,2,9,1,15
1549646100000,16-0002,18875507642,1,13,0755,2019,2,9,1,15
1549646100000,19-0001,18875507655,1,13,0755,2019,2,9,1,15
1549646100000,15-0012,18875507665,1,13,0755,2019,2,9,1,15
1549646100000,4-0009,18875507668,1,13,0755,2019,2,9,1,15
1549646100000,12-0006,18875507673,1,13,0755,2019,2,9,1,15
1549646100000,15-0012,18875507730,1,13,0755,2019,2,9,1,15
1549646100000,5-0005,18875507731,1,13,0755,2019,2,9,1,15
1549646100000,15-0013,18875507748,1,13,0755,2019,2,9,1,15
1549646100000,13-0004,18875507790,1,13,0755,2019,2,9,1,15
1549646100000,7-0011,18875507793,1,13,0755,2019,2,9,1,15
1549646100000,23-0000,18875507812,1,13,0755,2019,2,9,1,15
1549646100000,18-0005,18875507814,2,13,0750,2019,2,9,1,15
1549646100000,5-0011,18875507817,2,13,0752,2019,2,9,1,15
1549646100000,20-0015,18875507832,1,13,0755,2019,2,9,1,15
1549646100000,20-0007,18875507846,1,13,0755,2019,2,9,1,15
1549646100000,22-0010,18875507850,0,0,0,2019,2,9,1,15
1549646100000,6-0012,18875507879,1,13,0755,2019,2,9,1,15
1549646100000,14-0002,18875507887,1,13,0755,2019,2,9,1,15
1549646100000,21-0016,18875507896,1,13,0755,2019,2,9,1,15
1549646100000,11-0016,18875507911,1,13,0755,2019,2,9,1,15
1549646100000,6-0015,18875507949,1,13,0755,2019,2,9,1,15
1549646100000,15-0016,18875508009,1,13,0755,2019,2,9,1,15
1549646100000,12-0002,18875508023,1,13,0755,2019,2,9,1,15
1549646100000,23-0012,18875508031,1,13,0755,2019,2,9,1,15
1549646100000,7-0018,18875508035,1,13,0755,2019,2,9,1,15
1549646100000,10-0002,18875508042,1,13,0755,2019,2,9,1,15
1549646100000,19-0004,18875508046,1,13,0755,2019,2,9,1,15
1549646100000,9-0000,18875508052,1,13,0755,2019,2,9,1,15
1549646100000,14-0011,18875508058,1,13,0755,2019,2,9,1,15
1549646100000,7-0006,18875508098,1,13,0755,2019,2,9,1,15
1549646100000,5-0002,18875508155,1,13,0755,2019,2,9,1,15
1549646100000,17-0004,18875508158,1,13,0755,2019,2,9,1,15
1549646100000,4-0000,18875508176,1,13,0755,2019,2,9,1,15
1549646100000,8-0014,18875508181,1,13,0755,2019,2,9,1,15
1549646100000,16-0005,18875508191,1,13,0755,2019,2,9,1,15
1549646100000,16-0011,18875508192,1,13,0755,2019,2,9,1,15
1549646100000,24-0007,18875508207,3,22,0,2019,2,9,1,15
1549646100000,14-0012,18875508226,1,13,0755,2019,2,9,1,15
1549646100000,15-0018,18875508255,1,13,0755,2019,2,9,1,15
1549646100000,4-0008,18875508256,1,13,0755,2019,2,9,1,15
1549646100000,16-0019,18875508259,1,13,0755,2019,2,9,1,15
1549646100000,21-0004,18875508275,1,13,0755,2019,2,9,1,15
1549646100000,23-0012,18875508304,3,12,0,2019,2,9,1,15
1549646100000,13-0008,18875508314,2,13,0750,2019,2,9,1,15
1549646100000,24-0003,18875508331,1,13,0755,2019,2,9,1,15
1549646100000,7-0016,18875508333,1,13,0755,2019,2,9,1,15
1549646100000,17-0002,18875508355,1,13,0755,2019,2,9,1,15
1549646100000,23-0013,18875508394,1,13,0755,2019,2,9,1,15
1549646100000,16-0014,18875508397,1,13,0755,2019,2,9,1,15
1549646100000,24-0005,18875508404,3,12,0,2019,2,9,1,15
1549646100000,24-0019,18875508426,1,13,0755,2019,2,9,1,15
1549646100000,8-0004,18875508498,1,13,0755,2019,2,9,1,15
1549646100000,5-0009,18875508530,1,13,0755,2019,2,9,1,15
1549646100000,24-0004,18875508551,1,13,0755,2019,2,9,1,15
1549646100000,11-0016,18875508555,1,13,0755,2019,2,9,1,15
1549646100000,12-0013,18875508607,3,22,0,2019,2,9,1,15
1549646100000,5-0000,18875508616,2,13,0753,2019,2,9,1,15
1549646100000,24-0008,18875508645,1,13,0755,2019,2,9,1,15
1549646100000,24-0015,18875508674,1,13,0755,2019,2,9,1,15
1549646100000,9-0005,18875508700,1,13,0755,2019,2,9,1,15
1549646100000,8-0010,18875508708,3,24,0,2019,2,9,1,15
1549646100000,13-0014,18875508722,1,13,0755,2019,2,9,1,15
1549646100000,7-0003,18875508728,1,13,0755,2019,2,9,1,15
1549646100000,15-0006,18875508751,1,13,0755,2019,2,9,1,15
1549646100000,18-0018,18875508764,1,13,0755,2019,2,9,1,15
1549646100000,8-0009,18875508795,1,13,0755,2019,2,9,1,15
1549646100000,8-0001,18875508799,1,13,0755,2019,2,9,1,15
1549646100000,11-0002,18875508850,0,0,0,2019,2,9,1,15
1549646100000,5-0008,18875508854,1,13,0755,2019,2,9,1,15
1549646100000,11-0001,18875508855,1,13,0755,2019,2,9,1,15
1549646100000,4-0005,18875508858,1,13,0755,2019,2,9,1,15
1549646100000,20-0018,18875508871,1,13,0755,2019,2,9,1,15
1549646100000,22-0003,18875508877,1,13,0755,2019,2,9,1,15
1549646100000,23-0010,18875508885,1,13,0755,2019,2,9,1,15
1549646100000,14-0013,18875508888,1,13,0755,2019,2,9,1,15
1549646100000,13-0003,18875508898,1,13,0755,2019,2,9,1,15
1549646100000,19-0016,18875508905,3,14,0,2019,2,9,1,15
1549646100000,12-0012,18875508917,2,13,0752,2019,2,9,1,15
1549646100000,10-0005,18875508958,1,13,0755,2019,2,9,1,15
1549646100000,16-0004,18875508996,1,13,0755,2019,2,9,1,15
1549646100000,10-0011,18875509006,3,21,0,2019,2,9,1,15
1549646100000,20-0007,18875509011,1,13,0755,2019,2,9,1,15
1549646100000,6-0017,18875509033,1,13,0755,2019,2,9,1,15
1549646100000,7-0009,18875509050,0,0,0,2019,2,9,1,15
1549646100000,22-0019,18875509056,1,13,0755,2019,2,9,1,15
1549646100000,11-0000,18875509078,1,13,0755,2019,2,9,1,15
1549646100000,5-0009,18875509085,1,13,0755,2019,2,9,1,15
1549646100000,15-0017,18875509087,1,13,0755,2019,2,9,1,15
1549646100000,13-0015,18875509101,4,0,0,2019,2,9,1,15
1549646100000,5-0009,18875509115,2,13,0758,2019,2,9,1,15
1549646100000,23-0003,18875509134,1,13,0755,2019,2,9,1,15
1549646100000,14-0016,18875509155,1,13,0755,2019,2,9,1,15
1549646100000,16-0019,18875509195,1,13,0755,2019,2,9,1,15
1549646100000,20-0012,18875509201,4,0,0,2019,2,9,1,15
1549646100000,21-0016,18875509206,3,21,0,2019,2,9,1,15
1549646100000,6-0015,18875509220,1,13,0755,2019,2,9,1,15
1549646100000,24-0015,18875509238,1,13,0755,2019,2,9,1,15
1549646100000,8-0011,18875509249,1,13,0755,2019,2,9,1,15
1549646100000,8-0008,18875509258,1,13,0755,2019,2,9,1,15
1549646100000,24-0013,18875509269,1,13,0755,2019,2,9,1,15
1549646100000,9-0017,18875509272,1,13,0755,2019,2,9,1,15
1549646100000,7-0003,18875509302,3,10,0,2019,2,9,1,15
1549646100000,6-0017,18875509313,2,13,020,2019,2,9,1,15
1549646100000,23-0007,18875509348,1,13,0755,2019,2,9,1,15
1549646100000,8-0014,18875509360,1,13,0755,2019,2,9,1,15
1549646100000,10-0016,18875509399,1,13,0755,2019,2,9,1,15
1549646100000,11-0018,18875509422,1,13,0755,2019,2,9,1,15
1549646100000,10-0011,18875509434,1,13,0755,2019,2,9,1,15
1549646100000,19-0007,18875509450,0,0,0,2019,2,9,1,15
1549646100000,11-0002,18875509475,1,13,0755,2019,2,9,1,15
1549646100000,15-0010,18875509477,1,13,0755,2019,2,9,1,15
1549646100000,11-0006,18875509509,1,13,0755,2019,2,9,1,15
1549646100000,7-0005,18875509515,2,13,0758,2019,2,9,1,15
1549646100000,16-0015,18875509533,1,13,0755,2019,2,9,1,15
1549646100000,11-0013,18875509558,1,13,0755,2019,2,9,1,15
1549646100000,4-0004,18875509575,1,13,0755,2019,2,9,1,15
1549646100000,15-0003,18875509593,1,13,0755,2019,2,9,1,15
1549646100000,17-0004,18875509598,1,13,0755,2019,2,9,1,15
1549646100000,24-0003,18875509601,4,0,0,2019,2,9,1,15
1549646100000,13-0011,18875509620,1,13,0755,2019,2,9,1,15
1549646100000,17-0018,18875509631,1,13,0755,2019,2,9,1,15
1549646100000,18-0013,18875509668,1,13,0755,2019,2,9,1,15
1549646100000,14-0003,18875509672,1,13,0755,2019,2,9,1,15
1549646100000,12-0012,18875509674,1,13,0755,2019,2,9,1,15
1549646100000,20-0002,18875509720,1,13,0755,2019,2,9,1,15
1549646100000,7-0004,18875509730,1,13,0755,2019,2,9,1,15
1549646100000,6-0012,18875509739,1,13,0755,2019,2,9,1,15
1549646100000,5-0011,18875509749,1,13,0755,2019,2,9,1,15
1549646100000,18-0009,18875509755,1,13,0755,2019,2,9,1,15
1549646100000,7-0006,18875509760,1,13,0755,2019,2,9,1,15
1549646100000,10-0004,18875509763,1,13,0755,2019,2,9,1,15
1549646100000,11-0007,18875509768,1,13,0755,2019,2,9,1,15
1549646100000,15-0018,18875509777,1,13,0755,2019,2,9,1,15
1549646100000,4-0009,18875509780,1,13,0755,2019,2,9,1,15
1549646100000,14-0003,18875509784,1,13,0755,2019,2,9,1,15
1549646100000,9-0018,18875509794,1,13,0755,2019,2,9,1,15
1549646100000,10-0005,18875509809,1,13,0755,2019,2,9,1,15
1549646100000,8-0005,18875509815,2,13,0758,2019,2,9,1,15
1549646100000,22-0000,18875509845,1,13,0755,2019,2,9,1,15
1549646100000,18-0006,18875509864,1,13,0755,2019,2,9,1,15
1549646100000,15-0005,18875509881,1,13,0755,2019,2,9,1,15
1549646100000,23-0001,18875509908,3,24,0,2019,2,9,1,15
1549646100000,22-0005,18875509981,1,13,0755,2019,2,9,1,15
1549646100000,15-0018,18875509983,1,13,0755,2019,2,9,1,15
1549646100000,11-0016,18875509991,1,13,0755,2019,2,9,1,15
1549646100000,23-0004,18875509998,1,13,0755,2019,2,9,1,15
