1549641600000,10-0007,18875500081,1,13,0755,2019,2,9,0,0
1549641600000,4-0015,18875500110,1,13,0755,2019,2,9,0,0
1549641600000,9-0017,18875500432,1,13,0755,2019,2,9,0,0
1549641600000,24-0019,18875500516,2,13,0753,2019,2,9,0,0
1549641600000,23-0009,18875500852,1,13,0755,2019,2,9,0,0
1549641600000,12-0001,18875500880,1,13,0755,2019,2,9,0,0
1549641600000,6-0014,18875500912,1,13,0755,2019,2,9,0,0
1549641600000,18-0016,18875500984,1,13,0755,2019,2,9,0,0
1549641600000,21-0017,18875500999,1,13,0755,2019,2,9,0,0
1549641600000,22-0008,18875501052,1,13,0755,2019,2,9,0,0
1549641600000,10-0011,18875501059,1,13,0755,2019,2,9,0,0
1549641600000,4-0019,18875501105,3,14,0,2019,2,9,0,0
1549641600000,24-0019,18875501169,1,13,0755,2019,2,9,0,0
1549641600000,24-0008,18875501185,1,13,0755,2019,2,9,0,0
1549641600000,20-0002,18875501268,1,13,0755,2019,2,9,0,0
1549641600000,12-0013,18875501360,1,13,0755,2019,2,9,0,0
1549641600000,6-0015,18875501364,1,13,0755,2019,2,9,0,0
1549641600000,9-0015,18875501539,1,13,0755,2019,2,9,0,0
1549641600000,12-0019,18875501664,1,13,0755,2019,2,9,0,0
1549641600000,16-0010,18875501814,2,13,0750,2019,2,9,0,0
1549641600000,24-0004,18875502002,3,10,0,2019,2,9,0,0
1549641600000,14-0003,18875502050,0,0,0,2019,2,9,0,0
1549641600000,6-0011,18875502107,3,22,0,2019,2,9,0,0
1549641600000,4-0010,18875502280,1,13,0755,2019,2,9,0,0
1549641600000,22-0013,18875502405,3,14,0,2019,2,9,0,0
1549641600000,14-0002,18875502777,1,13,0755,2019,2,9,0,0
1549641600000,8-0003,18875502856,1,13,0755,2019,2,9,0,0
1549641600000,14-0005,18875502909,1,13,0755,2019,2,9,0,0
1549641600000,10-0013,18875502921,1,13,0755,2019,2,9,0,0
1549641600000,18-0003,18875503262,1,13,0755,2019,2,9,0,0
1549641600000,18-0013,18875503278,1,13,0755,2019,2,9,0,0
1549641600000,4-0003,18875503324,1,13,0755,2019,2,9,0,0
1549641600000,8-0012,18875503378,1,13,0755,2019,2,9,0,0
1549641600000,4-0006,18875503477,1,13,0755,2019,2,9,0,0
1549641600000,10-0002,18875503572,1,13,0755,2019,2,9,0,0
1549641600000,23-0012,18875503635,1,13,0755,2019,2,9,0,0
1549641600000,7-0002,18875503695,1,13,0755,2019,2,9,0,0
1549641600000,10-0018,18875503711,1,13,0755,2019,2,9,0,0
1549641600000,5-0012,18875503850,0,0,0,2019,2,9,0,0
1549641600000,18-0001,18875504170,1,13,0755,2019,2,9,0,0
1549641600000,5-0010,18875504305,3,14,0,2019,2,9,0,0
1549641600000,4-0000,18875504319,1,13,0755,2019,2,9,0,0
1549641600000,5-0013,18875504380,1,13,0755,2019,2,9,0,0
1549641600000,14-0009,18875504381,1,13,0755,2019,2,9,0,0
1549641600000,13-0012,18875504475,1,13,0755,2019,2,9,0,0
1549641600000,8-0006,18875504539,1,13,0755,2019,2,9,0,0
1549641600000,19-0017,18875504645,1,13,0755,2019,2,9,0,0
1549641600000,16-0008,18875504693,1,13,0755,2019,2,9,0,0
1549641600000,11-0011,18875504751,1,13,0755,2019,2,9,0,0
1549641600000,13-0019,18875504971,1,13,0755,2019,2,9,0,0
1549641600000,10-0013,18875505015,2,13,0758,2019,2,9,0,0
1549641600000,6-0003,18875505199,1,13,0755,2019,2,9,0,0
1549641600000,12-0012,18875505319,1,13,0755,2019,2,9,0,0
1549641600000,11-0010,18875505431,1,13,0755,2019,2,9,0,0
1549641600000,21-0005,18875505463,1,13,0755,2019,2,9,0,0
1549641600000,6-0003,18875505595,1,13,0755,2019,2,9,0,0
1549641600000,14-0008,18875505655,1,13,0755,2019,2,9,0,0
1549641600000,19-0008,18875505772,1,13,0755,2019,2,9,0,0
1549641600000,11-0011,18875505989,1,13,0755,2019,2,9,0,0
1549641600000,10-0005,18875506118,2,13,0757,2019,2,9,0,0
1549641600000,23-0013,18875506170,1,13,0755,2019,2,9,0,0
1549641600000,16-0013,18875506274,1,13,0755,2019,2,9,0,0
1549641600000,24-0015,18875506276,1,13,0755,2019,2,9,0,0
1549641600000,24-0003,18875506520,1,13,0755,2019,2,9,0,0
1549641600000,8-0001,18875506533,1,13,0755,2019,2,9,0,0
1549641600000,14-0006,18875506714,2,13,0750,2019,2,9,0,0
1549641600000,16-0015,18875506723,1,13,0755,2019,2,9,0,0
1549641600000,6-0007,18875506778,1,13,0755,2019,2,9,0,0
1549641600000,11-0018,18875506822,1,13,0755,2019,2,9,0,0
1549641600000,16-0004,18875506901,4,0,0,2019,2,9,0,0
1549641600000,14-0004,18875507046,1,13,0755,2019,2,9,0,0
1549641600000,17-0015,18875507093,1,13,0755,2019,2,9,0,0
1549641600000,22-0015,18875507147,1,13,0755,2019,2,9,0,0
1549641600000,6-0004,18875507170,1,13,0755,2019,2,9,0,0
1549641600000,6-0005,18875507214,2,13,0750,2019,2,9,0,0
1549641600000,11-0008,18875507219,1,13,0755,2019,2,9,0,0
1549641600000,16-0009,18875507242,1,13,0755,2019,2,9,0,0
1549641600000,18-0001,18875507262,1,13,0755,2019,2,9,0,0
1549641600000,7-0008,18875507319,1,13,0755,2019,2,9,0,0
1549641600000,24-0002,18875507335,1,13,0755,2019,2,9,0,0
1549641600000,6-0017,18875507345,1,13,0755,2019,2,9,0,0
1549641600000,7-0003,18875507434,1,13,0755,2019,2,9,0,0
1549641600000,15-0013,18875507748,1,13,0755,2019,2,9,0,0
1549641600000,22-0010,18875507850,0,0,0,2019,2,9,0,0
1549641600000,5-0002,18875508155,1,13,0755,2019,2,9,0,0
1549641600000,4-0008,18875508256,1,13,0755,2019,2,9,0,0
1549641600000,21-0004,18875508275,1,13,0755,2019,2,9,0,0
1549641600000,23-0010,18875508416,2,13,0753,2019,2,9,0,0
1549641600000,24-0019,18875508426,1,13,0755,2019,2,9,0,0
1549641600000,7-0017,18875508599,1,13,0755,2019,2,9,0,0
1549641600000,12-0013,18875508607,3,22,0,2019,2,9,0,0
1549641600000,9-0005,18875508700,1,13,0755,2019,2,9,0,0
1549641600000,8-0001,18875508799,1,13,0755,2019,2,9,0,0
1549641600000,11-0002,18875508850,0,0,0,2019,2,9,0,0
1549641600000,14-0013,18875508888,1,13,0755,2019,2,9,0,0
1549641600000,6-0017,18875509033,1,13,0755,2019,2,9,0,0
1549641600000,5-0014,18875509039,1,13,0755,2019,2,9,0,0
1549641600000,5-0009,18875509085,1,13,0755,2019,2,9,0,0
1549641600000,15-0017,18875509087,1,13,0755,2019,2,9,0,0
1549641600000,23-0003,18875509134,1,13,0755,2019,2,9,0,0
1549641600000,14-0016,18875509155,1,13,0755,2019,2,9,0,0
1549641600000,16-0019,18875509195,1,13,0755,2019,2,9,0,0
1549641600000,24-0015,18875509238,1,13,0755,2019,2,9,0,0
1549641600000,8-0011,18875509249,1,13,0755,2019,2,9,0,0
1549641600000,8-0008,18875509258,1,13,0755,2019,2,9,0,0
1549641600000,14-0003,18875509672,1,13,0755,2019,2,9,0,0
1549641600000,18-0009,18875509755,1,13,0755,2019,2,9,0,0
1549641600000,23-0001,18875509908,3,24,0,2019,2,9,0,0
