1549644300000,15-0015,18875500063,1,13,0755,2019,2,9,0,45
1549644300000,10-0007,18875500081,1,13,0755,2019,2,9,0,45
1549644300000,16-0014,18875500093,1,13,0755,2019,2,9,0,45
1549644300000,4-0015,18875500110,1,13,0755,2019,2,9,0,45
1549644300000,11-0004,18875500115,2,13,0758,2019,2,9,0,45
1549644300000,15-0011,18875500146,1,13,0755,2019,2,9,0,45
1549644300000,4-0000,18875500258,1,13,0755,2019,2,9,0,45
1549644300000,13-0004,18875500290,1,13,0755,2019,2,9,0,45
1549644300000,21-0007,18875500294,1,13,0755,2019,2,9,0,45
1549644300000,24-0004,18875500326,1,13,0755,2019,2,9,0,45
1549644300000,23-0008,18875500343,1,13,0755,2019,2,9,0,45
1549644300000,6-0013,18875500398,1,13,0755,2019,2,9,0,45
1549644300000,9-0017,18875500432,1,13,0755,2019,2,9,0,45
1549644300000,9-0012,18875500459,1,13,0755,2019,2,9,0,45
1549644300000,19-0000,18875500473,1,13,0755,2019,2,9,0,45
1549644300000,11-0006,18875500492,1,13,0755,2019,2,9,0,45
1549644300000,9-0010,18875500498,1,13,0755,2019,2,9,0,45
1549644300000,24-0019,18875500516,2,13,0753,2019,2,9,0,45
1549644300000,4-0007,18875500517,2,13,0752,2019,2,9,0,45
1549644300000,24-0004,18875500529,1,13,0755,2019,2,9,0,45
1549644300000,16-0019,18875500536,1,13,0755,2019,2,9,0,45
1549644300000,19-0006,18875500575,1,13,0755,2019,2,9,0,45
1549644300000,5-0007,18875500653,1,13,0755,2019,2,9,0,45
1549644300000,20-0018,18875500666,1,13,0755,2019,2,9,0,45
1549644300000,19-0004,18875500692,1,13,0755,2019,2,9,0,45
1549644300000,11-0000,18875500716,2,13,0753,2019,2,9,0,45
1549644300000,23-0011,18875500813,2,13,020,2019,2,9,0,45
1549644300000,16-0004,18875500849,1,13,0755,2019,2,9,0,45
1549644300000,23-0009,18875500852,1,13,0755,2019,2,9,0,45
1549644300000,12-0001,18875500880,1,13,0755,2019,2,9,0,45
1549644300000,6-0014,18875500912,1,13,0755,2019,2,9,0,45
1549644300000,19-0004,18875500920,1,13,0755,2019,2,9,0,45
1549644300000,8-0017,18875500937,1,13,0755,2019,2,9,0,45
1549644300000,12-0009,18875500958,1,13,0755,2019,2,9,0,45
1549644300000,18-0016,18875500984,1,13,0755,2019,2,9,0,45
1549644300000,21-0017,18875500999,1,13,0755,2019,2,9,0,45
1549644300000,17-0018,18875501005,3,14,0,2019,2,9,0,45
1549644300000,12-0011,18875501031,1,13,0755,2019,2,9,0,45
1549644300000,10-0011,18875501059,1,13,0755,2019,2,9,0,45
1549644300000,6-0015,18875501068,1,13,0755,2019,2,9,0,45
1549644300000,4-0019,18875501105,3,14,0,2019,2,9,0,45
1549644300000,9-0014,18875501123,1,13,0755,2019,2,9,0,45
1549644300000,24-0008,18875501185,1,13,0755,2019,2,9,0,45
1549644300000,18-0005,18875501195,1,13,0755,2019,2,9,0,45
1549644300000,6-0018,18875501248,1,13,0755,2019,2,9,0,45
1549644300000,14-0018,18875501260,1,13,0755,2019,2,9,0,45
1549644300000,20-0002,18875501268,1,13,0755,2019,2,9,0,45
1549644300000,20-0003,18875501286,1,13,0755,2019,2,9,0,45
1549644300000,12-0011,18875501338,1,13,0755,2019,2,9,0,45
1549644300000,18-0005,18875501348,1,13,0755,2019,2,9,0,45
1549644300000,12-0013,18875501360,1,13,0755,2019,2,9,0,45
1549644300000,6-0015,18875501364,1,13,0755,2019,2,9,0,45
1549644300000,13-0007,18875501412,1,13,0755,2019,2,9,0,45
1549644300000,6-0009,18875501433,1,13,0755,2019,2,9,0,45
1549644300000,9-0002,18875501440,1,13,0755,2019,2,9,0,45
1549644300000,18-0016,18875501487,1,13,0755,2019,2,9,0,45
1549644300000,10-0011,18875501513,2,13,020,2019,2,9,0,45
1549644300000,15-0005,18875501528,1,13,0755,2019,2,9,0,45
1549644300000,9-0015,18875501539,1,13,0755,2019,2,9,0,45
1549644300000,15-0010,18875501569,1,13,0755,2019,2,9,0,45
1549644300000,19-0005,18875501580,1,13,0755,2019,2,9,0,45
1549644300000,20-0008,18875501585,1,13,0755,2019,2,9,0,45
1549644300000,8-0008,18875501589,1,13,0755,2019,2,9,0,45
1549644300000,12-0019,18875501664,1,13,0755,2019,2,9,0,45
1549644300000,9-0010,18875501685,1,13,0755,2019,2,9,0,45
1549644300000,18-0009,18875501710,1,13,0755,2019,2,9,0,45
1549644300000,15-0019,18875501712,1,13,0755,2019,2,9,0,45
1549644300000,6-0013,18875501760,1,13,0755,2019,2,9,0,45
1549644300000,21-0010,18875501795,1,13,0755,2019,2,9,0,45
1549644300000,16-0010,18875501814,2,13,0750,2019,2,9,0,45
1549644300000,14-0017,18875501840,1,13,0755,2019,2,9,0,45
1549644300000,22-0014,18875501859,1,13,0755,2019,2,9,0,45
1549644300000,20-0006,18875501879,1,13,0755,2019,2,9,0,45
1549644300000,13-0000,18875501880,1,13,0755,2019,2,9,0,45
1549644300000,6-0004,18875501903,3,11,0,2019,2,9,0,45
1549644300000,15-0018,18875501941,1,13,0755,2019,2,9,0,45
1549644300000,6-0003,18875501956,1,13,0755,2019,2,9,0,45
1549644300000,7-0002,18875501984,1,13,0755,2019,2,9,0,45
1549644300000,24-0004,18875502002,3,10,0,2019,2,9,0,45
1549644300000,9-0013,18875502035,1,13,0755,2019,2,9,0,45
1549644300000,14-0003,18875502050,0,0,0,2019,2,9,0,45
1549644300000,6-0011,18875502107,3,22,0,2019,2,9,0,45
1549644300000,8-0019,18875502139,1,13,0755,2019,2,9,0,45
1549644300000,23-0019,18875502179,1,13,0755,2019,2,9,0,45
1549644300000,14-0009,18875502180,1,13,0755,2019,2,9,0,45
1549644300000,4-0010,18875502199,1,13,0755,2019,2,9,0,45
1549644300000,8-0017,18875502237,1,13,0755,2019,2,9,0,45
1549644300000,24-0008,18875502244,1,13,0755,2019,2,9,0,45
1549644300000,24-0012,18875502276,1,13,0755,2019,2,9,0,45
1549644300000,4-0010,18875502280,1,13,0755,2019,2,9,0,45
1549644300000,23-0007,18875502302,3,10,0,2019,2,9,0,45
1549644300000,19-0003,18875502352,1,13,0755,2019,2,9,0,45
1549644300000,16-0003,18875502356,1,13,0755,2019,2,9,0,45
1549644300000,16-0003,18875502394,1,13,0755,2019,2,9,0,45
1549644300000,5-0017,18875502404,3,12,0,2019,2,9,0,45
1549644300000,22-0013,18875502405,3,14,0,2019,2,9,0,45
1549644300000,21-0008,18875502437,1,13,0755,2019,2,9,0,45
1549644300000,13-0005,18875502488,1,13,0755,2019,2,9,0,45
1549644300000,20-0003,18875502499,1,13,0755,2019,2,9,0,45
1549644300000,19-0004,18875502500,1,13,0755,2019,2,9,0,45
1549644300000,17-0013,18875502509,1,13,0755,2019,2,9,0,45
1549644300000,7-0011,18875502514,2,13,0750,2019,2,9,0,45
1549644300000,8-0006,18875502603,3,11,0,2019,2,9,0,45
1549644300000,18-0003,18875502628,1,13,0755,2019,2,9,0,45
1549644300000,14-0013,18875502636,1,13,0755,2019,2,9,0,45
1549644300000,20-0015,18875502650,0,0,0,2019,2,9,0,45
1549644300000,13-0011,18875502651,1,13,0755,2019,2,9,0,45
1549644300000,18-0004,18875502670,1,13,0755,2019,2,9,0,45
1549644300000,14-0018,18875502687,1,13,0755,2019,2,9,0,45
1549644300000,10-0003,18875502689,1,13,0755,2019,2,9,0,45
1549644300000,18-0014,18875502725,1,13,0755,2019,2,9,0,45
1549644300000,14-0002,18875502777,1,13,0755,2019,2,9,0,45
1549644300000,4-0011,18875502823,1,13,0755,2019,2,9,0,45
1549644300000,6-0019,18875502840,1,13,0755,2019,2,9,0,45
1549644300000,8-0003,18875502856,1,13,0755,2019,2,9,0,45
1549644300000,9-0011,18875502867,1,13,0755,2019,2,9,0,45
1549644300000,11-0014,18875502901,4,0,0,2019,2,9,0,45
1549644300000,14-0005,18875502909,1,13,0755,2019,2,9,0,45
1549644300000,10-0013,18875502921,1,13,0755,2019,2,9,0,45
1549644300000,18-0004,18875502947,1,13,0755,2019,2,9,0,45
1549644300000,22-0000,18875503014,2,13,0750,2019,2,9,0,45
1549644300000,24-0011,18875503025,1,13,0755,2019,2,9,0,45
1549644300000,4-0000,18875503038,1,13,0755,2019,2,9,0,45
1549644300000,10-0000,18875503055,1,13,0755,2019,2,9,0,45
1549644300000,13-0006,18875503065,1,13,0755,2019,2,9,0,45
1549644300000,17-0002,18875503088,1,13,0755,2019,2,9,0,45
1549644300000,23-0003,18875503145,1,13,0755,2019,2,9,0,45
1549644300000,22-0001,18875503187,1,13,0755,2019,2,9,0,45
1549644300000,18-0015,18875503252,1,13,0755,2019,2,9,0,45
1549644300000,11-0012,18875503256,1,13,0755,2019,2,9,0,45
1549644300000,18-0003,18875503262,1,13,0755,2019,2,9,0,45
1549644300000,18-0013,18875503278,1,13,0755,2019,2,9,0,45
1549644300000,15-0007,18875503287,1,13,0755,2019,2,9,0,45
1549644300000,4-0003,18875503324,1,13,0755,2019,2,9,0,45
1549644300000,4-0017,18875503376,1,13,0755,2019,2,9,0,45
1549644300000,8-0012,18875503378,1,13,0755,2019,2,9,0,45
1549644300000,9-0011,18875503430,1,13,0755,2019,2,9,0,45
1549644300000,22-0005,18875503448,1,13,0755,2019,2,9,0,45
1549644300000,17-0008,18875503476,1,13,0755,2019,2,9,0,45
1549644300000,4-0006,18875503477,1,13,0755,2019,2,9,0,45
1549644300000,12-0001,18875503511,1,13,0755,2019,2,9,0,45
1549644300000,7-0017,18875503525,1,13,0755,2019,2,9,0,45
1549644300000,10-0002,18875503572,1,13,0755,2019,2,9,0,45
1549644300000,20-0003,18875503589,1,13,0755,2019,2,9,0,45
1549644300000,23-0012,18875503635,1,13,0755,2019,2,9,0,45
1549644300000,7-0006,18875503682,1,13,0755,2019,2,9,0,45
1549644300000,7-0002,18875503695,1,13,0755,2019,2,9,0,45
1549644300000,10-0018,18875503711,1,13,0755,2019,2,9,0,45
1549644300000,12-0010,18875503778,1,13,0755,2019,2,9,0,45
1549644300000,7-0009,18875503782,1,13,0755,2019,2,9,0,45
1549644300000,8-0008,18875503816,2,13,0753,2019,2,9,0,45
1549644300000,24-0010,18875503836,1,13,0755,2019,2,9,0,45
1549644300000,5-0012,18875503850,0,0,0,2019,2,9,0,45
1549644300000,6-0012,18875503859,1,13,0755,2019,2,9,0,45
1549644300000,24-0011,18875503879,1,13,0755,2019,2,9,0,45
1549644300000,19-0005,18875503895,1,13,0755,2019,2,9,0,45
1549644300000,9-0013,18875503906,3,21,0,2019,2,9,0,45
1549644300000,19-0015,18875503942,1,13,0755,2019,2,9,0,45
1549644300000,17-0006,18875503956,1,13,0755,2019,2,9,0,45
1549644300000,23-0008,18875504062,1,13,0755,2019,2,9,0,45
1549644300000,23-0018,18875504065,1,13,0755,2019,2,9,0,45
1549644300000,17-0007,18875504131,1,13,0755,2019,2,9,0,45
1549644300000,17-0019,18875504141,1,13,0755,2019,2,9,0,45
1549644300000,18-0001,18875504170,1,13,0755,2019,2,9,0,45
1549644300000,9-0007,18875504200,1,13,0755,2019,2,9,0,45
1549644300000,19-0004,18875504233,1,13,0755,2019,2,9,0,45
1549644300000,5-0017,18875504258,1,13,0755,2019,2,9,0,45
1549644300000,9-0019,18875504262,1,13,0755,2019,2,9,0,45
1549644300000,5-0010,18875504305,3,14,0,2019,2,9,0,45
1549644300000,4-0000,18875504319,1,13,0755,2019,2,9,0,45
1549644300000,4-0005,18875504323,1,13,0755,2019,2,9,0,45
1549644300000,21-0002,18875504336,1,13,0755,2019,2,9,0,45
1549644300000,4-0006,18875504339,1,13,0755,2019,2,9,0,45
1549644300000,5-0013,18875504380,1,13,0755,2019,2,9,0,45
1549644300000,14-0009,18875504381,1,13,0755,2019,2,9,0,45
1549644300000,6-0002,18875504393,1,13,0755,2019,2,9,0,45
1549644300000,10-0010,18875504437,1,13,0755,2019,2,9,0,45
1549644300000,8-0007,18875504467,1,13,0755,2019,2,9,0,45
1549644300000,13-0012,18875504475,1,13,0755,2019,2,9,0,45
1549644300000,13-0011,18875504489,1,13,0755,2019,2,9,0,45
1549644300000,5-0011,18875504499,1,13,0755,2019,2,9,0,45
1549644300000,8-0006,18875504539,1,13,0755,2019,2,9,0,45
1549644300000,20-0007,18875504547,1,13,0755,2019,2,9,0,45
1549644300000,17-0018,18875504549,1,13,0755,2019,2,9,0,45
1549644300000,4-0011,18875504577,1,13,0755,2019,2,9,0,45
1549644300000,15-0009,18875504591,1,13,0755,2019,2,9,0,45
1549644300000,11-0017,18875504627,1,13,0755,2019,2,9,0,45
1549644300000,19-0017,18875504645,1,13,0755,2019,2,9,0,45
1549644300000,9-0016,18875504677,1,13,0755,2019,2,9,0,45
1549644300000,16-0008,18875504693,1,13,0755,2019,2,9,0,45
1549644300000,11-0013,18875504720,1,13,0755,2019,2,9,0,45
1549644300000,11-0005,18875504726,1,13,0755,2019,2,9,0,45
1549644300000,24-0012,18875504734,1,13,0755,2019,2,9,0,45
1549644300000,6-0011,18875504741,1,13,0755,2019,2,9,0,45
1549644300000,8-0014,18875504746,1,13,0755,2019,2,9,0,45
1549644300000,11-0011,18875504751,1,13,0755,2019,2,9,0,45
1549644300000,12-0012,18875504853,1,13,0755,2019,2,9,0,45
1549644300000,15-0012,18875504890,1,13,0755,2019,2,9,0,45
1549644300000,11-0004,18875504919,1,13,0755,2019,2,9,0,45
1549644300000,13-0019,18875504971,1,13,0755,2019,2,9,0,45
1549644300000,11-0001,18875504976,1,13,0755,2019,2,9,0,45
1549644300000,6-0004,18875504987,1,13,0755,2019,2,9,0,45
1549644300000,24-0019,18875504992,1,13,0755,2019,2,9,0,45
1549644300000,10-0013,18875505015,2,13,0758,2019,2,9,0,45
1549644300000,6-0001,18875505017,2,13,0752,2019,2,9,0,45
1549644300000,18-0000,18875505043,1,13,0755,2019,2,9,0,45
1549644300000,16-0006,18875505057,1,13,0755,2019,2,9,0,45
1549644300000,9-0011,18875505074,1,13,0755,2019,2,9,0,45
1549644300000,5-0014,18875505093,1,13,0755,2019,2,9,0,45
1549644300000,10-0017,18875505144,1,13,0755,2019,2,9,0,45
1549644300000,6-0003,18875505199,1,13,0755,2019,2,9,0,45
1549644300000,17-0008,18875505239,1,13,0755,2019,2,9,0,45
1549644300000,16-0004,18875505253,1,13,0755,2019,2,9,0,45
1549644300000,10-0019,18875505304,3,12,0,2019,2,9,0,45
1549644300000,5-0012,18875505305,3,14,0,2019,2,9,0,45
1549644300000,12-0012,18875505319,1,13,0755,2019,2,9,0,45
1549644300000,11-0014,18875505327,1,13,0755,2019,2,9,0,45
1549644300000,6-0002,18875505330,1,13,0755,2019,2,9,0,45
1549644300000,16-0018,18875505368,1,13,0755,2019,2,9,0,45
1549644300000,23-0003,18875505371,1,13,0755,2019,2,9,0,45
1549644300000,11-0010,18875505431,1,13,0755,2019,2,9,0,45
1549644300000,20-0007,18875505452,1,13,0755,2019,2,9,0,45
1549644300000,15-0003,18875505453,1,13,0755,2019,2,9,0,45
1549644300000,21-0005,18875505463,1,13,0755,2019,2,9,0,45
1549644300000,15-0010,18875505489,1,13,0755,2019,2,9,0,45
1549644300000,19-0015,18875505491,1,13,0755,2019,2,9,0,45
1549644300000,21-0002,18875505508,3,24,0,2019,2,9,0,45
1549644300000,12-0014,18875505522,1,13,0755,2019,2,9,0,45
1549644300000,4-0000,18875505561,1,13,0755,2019,2,9,0,45
1549644300000,6-0003,18875505595,1,13,0755,2019,2,9,0,45
1549644300000,14-0008,18875505655,1,13,0755,2019,2,9,0,45
1549644300000,10-0018,18875505752,1,13,0755,2019,2,9,0,45
1549644300000,19-0008,18875505772,1,13,0755,2019,2,9,0,45
1549644300000,22-0003,18875505773,1,13,0755,2019,2,9,0,45
1549644300000,10-0000,18875505793,1,13,0755,2019,2,9,0,45
1549644300000,12-0009,18875505829,1,13,0755,2019,2,9,0,45
1549644300000,20-0004,18875505925,1,13,0755,2019,2,9,0,45
1549644300000,14-0009,18875505953,1,13,0755,2019,2,9,0,45
1549644300000,14-0002,18875505968,1,13,0755,2019,2,9,0,45
1549644300000,11-0011,18875505989,1,13,0755,2019,2,9,0,45
1549644300000,15-0017,18875506097,1,13,0755,2019,2,9,0,45
1549644300000,20-0009,18875506104,3,12,0,2019,2,9,0,45
1549644300000,10-0005,18875506118,2,13,0757,2019,2,9,0,45
1549644300000,23-0013,18875506170,1,13,0755,2019,2,9,0,45
1549644300000,10-0018,18875506184,1,13,0755,2019,2,9,0,45
1549644300000,19-0011,18875506227,1,13,0755,2019,2,9,0,45
1549644300000,5-0016,18875506235,1,13,0755,2019,2,9,0,45
1549644300000,17-0019,18875506265,1,13,0755,2019,2,9,0,45
1549644300000,16-0013,18875506274,1,13,0755,2019,2,9,0,45
1549644300000,9-0013,18875506275,1,13,0755,2019,2,9,0,45
1549644300000,24-0015,18875506276,1,13,0755,2019,2,9,0,45
1549644300000,11-0011,18875506280,1,13,0755,2019,2,9,0,45
1549644300000,10-0011,18875506369,1,13,0755,2019,2,9,0,45
1549644300000,24-0010,18875506436,1,13,0755,2019,2,9,0,45
1549644300000,22-0012,18875506442,1,13,0755,2019,2,9,0,45
1549644300000,14-0012,18875506512,1,13,0755,2019,2,9,0,45
1549644300000,13-0018,18875506519,1,13,0755,2019,2,9,0,45
1549644300000,24-0003,18875506520,1,13,0755,2019,2,9,0,45
1549644300000,8-0001,18875506533,1,13,0755,2019,2,9,0,45
1549644300000,22-0017,18875506559,1,13,0755,2019,2,9,0,45
1549644300000,10-0007,18875506604,3,12,0,2019,2,9,0,45
1549644300000,15-0008,18875506650,0,0,0,2019,2,9,0,45
1549644300000,12-0017,18875506706,3,21,0,2019,2,9,0,45
1549644300000,14-0006,18875506714,2,13,0750,2019,2,9,0,45
1549644300000,16-0015,18875506723,1,13,0755,2019,2,9,0,45
1549644300000,6-0014,18875506740,1,13,0755,2019,2,9,0,45
1549644300000,17-0011,18875506743,1,13,0755,2019,2,9,0,45
1549644300000,6-0007,18875506778,1,13,0755,2019,2,9,0,45
1549644300000,11-0018,18875506822,1,13,0755,2019,2,9,0,45
1549644300000,6-0012,18875506824,1,13,0755,2019,2,9,0,45
1549644300000,21-0002,18875506828,1,13,0755,2019,2,9,0,45
1549644300000,12-0006,18875506847,1,13,0755,2019,2,9,0,45
1549644300000,16-0004,18875506901,4,0,0,2019,2,9,0,45
1549644300000,24-0000,18875506919,1,13,0755,2019,2,9,0,45
1549644300000,13-0008,18875506951,1,13,0755,2019,2,9,0,45
1549644300000,16-0001,18875507002,3,10,0,2019,2,9,0,45
1549644300000,14-0004,18875507046,1,13,0755,2019,2,9,0,45
1549644300000,16-0007,18875507089,1,13,0755,2019,2,9,0,45
1549644300000,17-0015,18875507093,1,13,0755,2019,2,9,0,45
1549644300000,5-0002,18875507120,1,13,0755,2019,2,9,0,45
1549644300000,20-0016,18875507143,1,13,0755,2019,2,9,0,45
1549644300000,22-0015,18875507147,1,13,0755,2019,2,9,0,45
1549644300000,23-0003,18875507153,1,13,0755,2019,2,9,0,45
1549644300000,6-0004,18875507170,1,13,0755,2019,2,9,0,45
1549644300000,20-0000,18875507186,1,13,0755,2019,2,9,0,45
1549644300000,16-0008,18875507207,3,22,0,2019,2,9,0,45
1549644300000,6-0005,18875507214,2,13,0750,2019,2,9,0,45
1549644300000,11-0008,18875507219,1,13,0755,2019,2,9,0,45
1549644300000,4-0007,18875507228,1,13,0755,2019,2,9,0,45
1549644300000,16-0009,18875507242,1,13,0755,2019,2,9,0,45
1549644300000,18-0010,18875507254,1,13,0755,2019,2,9,0,45
1549644300000,18-0001,18875507262,1,13,0755,2019,2,9,0,45
1549644300000,24-0015,18875507277,1,13,0755,2019,2,9,0,45
1549644300000,4-0019,18875507288,1,13,0755,2019,2,9,0,45
1549644300000,13-0019,18875507310,1,13,0755,2019,2,9,0,45
1549644300000,7-0008,18875507319,1,13,0755,2019,2,9,0,45
1549644300000,12-0012,18875507322,1,13,0755,2019,2,9,0,45
1549644300000,24-0002,18875507335,1,13,0755,2019,2,9,0,45
1549644300000,6-0017,18875507345,1,13,0755,2019,2,9,0,45
1549644300000,20-0015,18875507397,1,13,0755,2019,2,9,0,45
1549644300000,19-0006,18875507430,1,13,0755,2019,2,9,0,45
1549644300000,7-0003,18875507434,1,13,0755,2019,2,9,0,45
1549644300000,19-0015,18875507437,1,13,0755,2019,2,9,0,45
1549644300000,6-0018,18875507549,1,13,0755,2019,2,9,0,45
1549644300000,12-0002,18875507557,1,13,0755,2019,2,9,0,45
1549644300000,10-0001,18875507564,1,13,0755,2019,2,9,0,45
1549644300000,21-0007,18875507641,1,13,0755,2019,2,9,0,45
1549644300000,16-0002,18875507642,1,13,0755,2019,2,9,0,45
1549644300000,15-0012,18875507665,1,13,0755,2019,2,9,0,45
1549644300000,4-0009,18875507668,1,13,0755,2019,2,9,0,45
1549644300000,12-0006,18875507673,1,13,0755,2019,2,9,0,45
1549644300000,5-0005,18875507731,1,13,0755,2019,2,9,0,45
1549644300000,15-0013,18875507748,1,13,0755,2019,2,9,0,45
1549644300000,23-0000,18875507812,1,13,0755,2019,2,9,0,45
1549644300000,18-0005,18875507814,2,13,0750,2019,2,9,0,45
1549644300000,20-0007,18875507846,1,13,0755,2019,2,9,0,45
1549644300000,22-0010,18875507850,0,0,0,2019,2,9,0,45
1549644300000,6-0012,18875507879,1,13,0755,2019,2,9,0,45
1549644300000,21-0016,18875507896,1,13,0755,2019,2,9,0,45
1549644300000,11-0016,18875507911,1,13,0755,2019,2,9,0,45
1549644300000,15-0016,18875508009,1,13,0755,2019,2,9,0,45
1549644300000,12-0002,18875508023,1,13,0755,2019,2,9,0,45
1549644300000,23-0012,18875508031,1,13,0755,2019,2,9,0,45
1549644300000,7-0018,18875508035,1,13,0755,2019,2,9,0,45
1549644300000,10-0002,18875508042,1,13,0755,2019,2,9,0,45
1549644300000,9-0000,18875508052,1,13,0755,2019,2,9,0,45
1549644300000,14-0011,18875508058,1,13,0755,2019,2,9,0,45
1549644300000,7-0006,18875508098,1,13,0755,2019,2,9,0,45
1549644300000,5-0002,18875508155,1,13,0755,2019,2,9,0,45
1549644300000,17-0004,18875508158,1,13,0755,2019,2,9,0,45
1549644300000,16-0011,18875508192,1,13,0755,2019,2,9,0,45
1549644300000,14-0012,18875508226,1,13,0755,2019,2,9,0,45
1549644300000,15-0018,18875508255,1,13,0755,2019,2,9,0,45
1549644300000,4-0008,18875508256,1,13,0755,2019,2,9,0,45
1549644300000,16-0019,18875508259,1,13,0755,2019,2,9,0,45
1549644300000,21-0004,18875508275,1,13,0755,2019,2,9,0,45
1549644300000,23-0012,18875508304,3,12,0,2019,2,9,0,45
1549644300000,13-0008,18875508314,2,13,0750,2019,2,9,0,45
1549644300000,7-0016,18875508333,1,13,0755,2019,2,9,0,45
1549644300000,17-0002,18875508355,1,13,0755,2019,2,9,0,45
1549644300000,16-0014,18875508397,1,13,0755,2019,2,9,0,45
1549644300000,24-0005,18875508404,3,12,0,2019,2,9,0,45
1549644300000,23-0010,18875508416,2,13,0753,2019,2,9,0,45
1549644300000,24-0019,18875508426,1,13,0755,2019,2,9,0,45
1549644300000,8-0004,18875508498,1,13,0755,2019,2,9,0,45
1549644300000,7-0017,18875508599,1,13,0755,2019,2,9,0,45
1549644300000,12-0013,18875508607,3,22,0,2019,2,9,0,45
1549644300000,5-0000,18875508616,2,13,0753,2019,2,9,0,45
1549644300000,9-0005,18875508700,1,13,0755,2019,2,9,0,45
1549644300000,8-0010,18875508708,3,24,0,2019,2,9,0,45
1549644300000,13-0014,18875508722,1,13,0755,2019,2,9,0,45
1549644300000,18-0018,18875508764,1,13,0755,2019,2,9,0,45
1549644300000,8-0009,18875508795,1,13,0755,2019,2,9,0,45
1549644300000,8-0001,18875508799,1,13,0755,2019,2,9,0,45
1549644300000,11-0002,18875508850,0,0,0,2019,2,9,0,45
1549644300000,22-0003,18875508877,1,13,0755,2019,2,9,0,45
1549644300000,23-0010,18875508885,1,13,0755,2019,2,9,0,45
1549644300000,14-0013,18875508888,1,13,0755,2019,2,9,0,45
1549644300000,13-0003,18875508898,1,13,0755,2019,2,9,0,45
1549644300000,19-0016,18875508905,3,14,0,2019,2,9,0,45
1549644300000,10-0005,18875508958,1,13,0755,2019,2,9,0,45
1549644300000,10-0011,18875509006,3,21,0,2019,2,9,0,45
1549644300000,20-0007,18875509011,1,13,0755,2019,2,9,0,45
1549644300000,6-0017,18875509033,1,13,0755,2019,2,9,0,45
1549644300000,5-0014,18875509039,1,13,0755,2019,2,9,0,45
1549644300000,7-0009,18875509050,0,0,0,2019,2,9,0,45
1549644300000,5-0009,18875509085,1,13,0755,2019,2,9,0,45
1549644300000,15-0017,18875509087,1,13,0755,2019,2,9,0,45
1549644300000,13-0015,18875509101,4,0,0,2019,2,9,0,45
1549644300000,23-0003,18875509134,1,13,0755,2019,2,9,0,45
1549644300000,14-0016,18875509155,1,13,0755,2019,2,9,0,45
1549644300000,16-0019,18875509195,1,13,0755,2019,2,9,0,45
1549644300000,20-0012,18875509201,4,0,0,2019,2,9,0,45
1549644300000,21-0016,18875509206,3,21,0,2019,2,9,0,45
1549644300000,6-0015,18875509220,1,13,0755,2019,2,9,0,45
1549644300000,24-0015,18875509238,1,13,0755,2019,2,9,0,45
1549644300000,8-0011,18875509249,1,13,0755,2019,2,9,0,45
1549644300000,8-0008,18875509258,1,13,0755,2019,2,9,0,45
1549644300000,9-0017,18875509272,1,13,0755,2019,2,9,0,45
1549644300000,24-0017,18875509285,1,13,0755,2019,2,9,0,45
1549644300000,10-0016,18875509399,1,13,0755,2019,2,9,0,45
1549644300000,19-0007,18875509450,0,0,0,2019,2,9,0,45
1549644300000,11-0002,18875509475,1,13,0755,2019,2,9,0,45
1549644300000,15-0010,18875509477,1,13,0755,2019,2,9,0,45
1549644300000,11-0006,18875509509,1,13,0755,2019,2,9,0,45
1549644300000,7-0005,18875509515,2,13,0758,2019,2,9,0,45
1549644300000,4-0004,18875509575,1,13,0755,2019,2,9,0,45
1549644300000,17-0018,18875509631,1,13,0755,2019,2,9,0,45
1549644300000,18-0013,18875509668,1,13,0755,2019,2,9,0,45
1549644300000,14-0003,18875509672,1,13,0755,2019,2,9,0,45
1549644300000,12-0012,18875509674,1,13,0755,2019,2,9,0,45
1549644300000,20-0002,18875509720,1,13,0755,2019,2,9,0,45
1549644300000,7-0004,18875509730,1,13,0755,2019,2,9,0,45
1549644300000,6-0012,18875509739,1,13,0755,2019,2,9,0,45
1549644300000,5-0011,18875509749,1,13,0755,2019,2,9,0,45
1549644300000,18-0009,18875509755,1,13,0755,2019,2,9,0,45
1549644300000,7-0006,18875509760,1,13,0755,2019,2,9,0,45
1549644300000,10-0004,18875509763,1,13,0755,2019,2,9,0,45
1549644300000,11-0007,18875509768,1,13,0755,2019,2,9,0,45
1549644300000,15-0018,18875509777,1,13,0755,2019,2,9,0,45
1549644300000,9-0018,18875509794,1,13,0755,2019,2,9,0,45
1549644300000,10-0005,18875509809,1,13,0755,2019,2,9,0,45
1549644300000,8-0005,18875509815,2,13,0758,2019,2,9,0,45
1549644300000,18-0006,18875509864,1,13,0755,2019,2,9,0,45
1549644300000,23-0001,18875509908,3,24,0,2019,2,9,0,45
1549644300000,22-0005,18875509981,1,13,0755,2019,2,9,0,45
1549644300000,11-0016,18875509991,1,13,0755,2019,2,9,0,45
