1549652400000,6-0010,18875500006,3,21,0,2019,2,9,3,0
1549652400000,15-0016,18875500009,1,13,0755,2019,2,9,3,0
1549652400000,9-0011,18875500012,1,13,0755,2019,2,9,3,0
1549652400000,16-0006,18875500021,1,13,0755,2019,2,9,3,0
1549652400000,23-0007,18875500025,1,13,0755,2019,2,9,3,0
1549652400000,23-0016,18875500033,1,13,0755,2019,2,9,3,0
1549652400000,10-0006,18875500040,1,13,0755,2019,2,9,3,0
1549652400000,10-0012,18875500060,1,13,0755,2019,2,9,3,0
1549652400000,15-0015,18875500063,1,13,0755,2019,2,9,3,0
1549652400000,10-0007,18875500081,1,13,0755,2019,2,9,3,0
1549652400000,13-0013,18875500090,1,13,0755,2019,2,9,3,0
1549652400000,16-0014,18875500093,1,13,0755,2019,2,9,3,0
1549652400000,22-0016,18875500096,1,13,0755,2019,2,9,3,0
1549652400000,11-0015,18875500104,3,12,0,2019,2,9,3,0
1549652400000,4-0015,18875500110,1,13,0755,2019,2,9,3,0
1549652400000,11-0004,18875500115,2,13,0758,2019,2,9,3,0
1549652400000,17-0001,18875500118,2,13,0757,2019,2,9,3,0
1549652400000,7-0008,18875500125,1,13,0755,2019,2,9,3,0
1549652400000,9-0018,18875500136,1,13,0755,2019,2,9,3,0
1549652400000,22-0017,18875500137,1,13,0755,2019,2,9,3,0
1549652400000,15-0011,18875500146,1,13,0755,2019,2,9,3,0
1549652400000,17-0019,18875500158,1,13,0755,2019,2,9,3,0
1549652400000,23-0008,18875500166,1,13,0755,2019,2,9,3,0
1549652400000,19-0018,18875500167,1,13,0755,2019,2,9,3,0
1549652400000,22-0009,18875500170,1,13,0755,2019,2,9,3,0
1549652400000,22-0015,18875500197,1,13,0755,2019,2,9,3,0
1549652400000,16-0001,18875500208,3,24,0,2019,2,9,3,0
1549652400000,6-0011,18875500215,2,13,0758,2019,2,9,3,0
1549652400000,6-0008,18875500217,2,13,0752,2019,2,9,3,0
1549652400000,13-0001,18875500219,1,13,0755,2019,2,9,3,0
1549652400000,4-0000,18875500258,1,13,0755,2019,2,9,3,0
1549652400000,7-0000,18875500262,1,13,0755,2019,2,9,3,0
1549652400000,4-0004,18875500275,1,13,0755,2019,2,9,3,0
1549652400000,14-0001,18875500281,1,13,0755,2019,2,9,3,0
1549652400000,13-0004,18875500290,1,13,0755,2019,2,9,3,0
1549652400000,17-0009,18875500296,1,13,0755,2019,2,9,3,0
1549652400000,12-0019,18875500297,1,13,0755,2019,2,9,3,0
1549652400000,16-0003,18875500308,3,24,0,2019,2,9,3,0
1549652400000,15-0017,18875500312,1,13,0755,2019,2,9,3,0
1549652400000,24-0004,18875500326,1,13,0755,2019,2,9,3,0
1549652400000,17-0016,18875500332,1,13,0755,2019,2,9,3,0
1549652400000,8-0009,18875500341,1,13,0755,2019,2,9,3,0
1549652400000,23-0008,18875500343,1,13,0755,2019,2,9,3,0
1549652400000,13-0013,18875500348,1,13,0755,2019,2,9,3,0
1549652400000,15-0000,18875500367,1,13,0755,2019,2,9,3,0
1549652400000,6-0013,18875500398,1,13,0755,2019,2,9,3,0
1549652400000,9-0003,18875500415,2,13,0758,2019,2,9,3,0
1549652400000,9-0017,18875500432,1,13,0755,2019,2,9,3,0
1549652400000,13-0012,18875500456,1,13,0755,2019,2,9,3,0
1549652400000,9-0012,18875500459,1,13,0755,2019,2,9,3,0
1549652400000,19-0000,18875500473,1,13,0755,2019,2,9,3,0
1549652400000,8-0001,18875500488,1,13,0755,2019,2,9,3,0
1549652400000,11-0006,18875500492,1,13,0755,2019,2,9,3,0
1549652400000,9-0010,18875500498,1,13,0755,2019,2,9,3,0
1549652400000,12-0010,18875500507,3,22,0,2019,2,9,3,0
1549652400000,13-0010,18875500509,1,13,0755,2019,2,9,3,0
1549652400000,24-0008,18875500514,2,13,0750,2019,2,9,3,0
1549652400000,24-0019,18875500516,2,13,0753,2019,2,9,3,0
1549652400000,4-0007,18875500517,2,13,0752,2019,2,9,3,0
1549652400000,24-0004,18875500529,1,13,0755,2019,2,9,3,0
1549652400000,16-0019,18875500536,1,13,0755,2019,2,9,3,0
1549652400000,9-0011,18875500541,1,13,0755,2019,2,9,3,0
1549652400000,12-0008,18875500559,1,13,0755,2019,2,9,3,0
1549652400000,6-0003,18875500566,1,13,0755,2019,2,9,3,0
1549652400000,18-0015,18875500568,1,13,0755,2019,2,9,3,0
1549652400000,19-0006,18875500575,1,13,0755,2019,2,9,3,0
1549652400000,18-0006,18875500576,1,13,0755,2019,2,9,3,0
1549652400000,7-0011,18875500596,1,13,0755,2019,2,9,3,0
1549652400000,6-0000,18875500608,3,24,0,2019,2,9,3,0
1549652400000,16-0008,18875500609,1,13,0755,2019,2,9,3,0
1549652400000,15-0017,18875500618,2,13,0757,2019,2,9,3,0
1549652400000,7-0005,18875500630,1,13,0755,2019,2,9,3,0
1549652400000,5-0007,18875500653,1,13,0755,2019,2,9,3,0
1549652400000,20-0008,18875500654,1,13,0755,2019,2,9,3,0
1549652400000,10-0009,18875500665,1,13,0755,2019,2,9,3,0
1549652400000,20-0018,18875500666,1,13,0755,2019,2,9,3,0
1549652400000,11-0014,18875500668,1,13,0755,2019,2,9,3,0
1549652400000,12-0006,18875500681,1,13,0755,2019,2,9,3,0
1549652400000,11-0006,18875500685,1,13,0755,2019,2,9,3,0
1549652400000,19-0004,18875500692,1,13,0755,2019,2,9,3,0
1549652400000,12-0011,18875500694,1,13,0755,2019,2,9,3,0
1549652400000,14-0003,18875500699,1,13,0755,2019,2,9,3,0
1549652400000,19-0003,18875500701,4,0,0,2019,2,9,3,0
1549652400000,11-0000,18875500716,2,13,0753,2019,2,9,3,0
1549652400000,11-0013,18875500758,1,13,0755,2019,2,9,3,0
1549652400000,24-0000,18875500783,1,13,0755,2019,2,9,3,0
1549652400000,21-0001,18875500785,1,13,0755,2019,2,9,3,0
1549652400000,4-0000,18875500801,4,0,0,2019,2,9,3,0
1549652400000,21-0012,18875500809,1,13,0755,2019,2,9,3,0
1549652400000,23-0011,18875500813,2,13,020,2019,2,9,3,0
1549652400000,8-0012,18875500833,1,13,0755,2019,2,9,3,0
1549652400000,19-0005,18875500840,1,13,0755,2019,2,9,3,0
1549652400000,16-0004,18875500849,1,13,0755,2019,2,9,3,0
1549652400000,23-0009,18875500852,1,13,0755,2019,2,9,3,0
1549652400000,17-0013,18875500855,1,13,0755,2019,2,9,3,0
1549652400000,14-0011,18875500857,1,13,0755,2019,2,9,3,0
1549652400000,5-0008,18875500867,1,13,0755,2019,2,9,3,0
1549652400000,12-0001,18875500880,1,13,0755,2019,2,9,3,0
1549652400000,16-0003,18875500882,1,13,0755,2019,2,9,3,0
1549652400000,5-0016,18875500884,1,13,0755,2019,2,9,3,0
1549652400000,6-0005,18875500885,1,13,0755,2019,2,9,3,0
1549652400000,6-0014,18875500912,1,13,0755,2019,2,9,3,0
1549652400000,19-0004,18875500920,1,13,0755,2019,2,9,3,0
1549652400000,7-0014,18875500922,1,13,0755,2019,2,9,3,0
1549652400000,6-0019,18875500924,1,13,0755,2019,2,9,3,0
1549652400000,20-0000,18875500926,1,13,0755,2019,2,9,3,0
1549652400000,18-0011,18875500933,1,13,0755,2019,2,9,3,0
1549652400000,8-0017,18875500937,1,13,0755,2019,2,9,3,0
1549652400000,9-0015,18875500943,1,13,0755,2019,2,9,3,0
1549652400000,12-0009,18875500958,1,13,0755,2019,2,9,3,0
1549652400000,17-0009,18875500960,1,13,0755,2019,2,9,3,0
1549652400000,10-0010,18875500961,1,13,0755,2019,2,9,3,0
1549652400000,8-0004,18875500969,1,13,0755,2019,2,9,3,0
1549652400000,16-0008,18875500976,1,13,0755,2019,2,9,3,0
1549652400000,18-0016,18875500984,1,13,0755,2019,2,9,3,0
1549652400000,19-0012,18875500995,1,13,0755,2019,2,9,3,0
1549652400000,9-0011,18875500998,1,13,0755,2019,2,9,3,0
1549652400000,21-0017,18875500999,1,13,0755,2019,2,9,3,0
1549652400000,17-0018,18875501005,3,14,0,2019,2,9,3,0
1549652400000,13-0017,18875501007,3,22,0,2019,2,9,3,0
1549652400000,16-0003,18875501021,1,13,0755,2019,2,9,3,0
1549652400000,13-0003,18875501025,1,13,0755,2019,2,9,3,0
1549652400000,19-0002,18875501042,1,13,0755,2019,2,9,3,0
1549652400000,12-0008,18875501056,1,13,0755,2019,2,9,3,0
1549652400000,5-0000,18875501057,1,13,0755,2019,2,9,3,0
1549652400000,10-0011,18875501059,1,13,0755,2019,2,9,3,0
1549652400000,23-0004,18875501066,1,13,0755,2019,2,9,3,0
1549652400000,4-0018,18875501067,1,13,0755,2019,2,9,3,0
1549652400000,6-0015,18875501068,1,13,0755,2019,2,9,3,0
1549652400000,5-0014,18875501073,1,13,0755,2019,2,9,3,0
1549652400000,22-0010,18875501079,1,13,0755,2019,2,9,3,0
1549652400000,4-0009,18875501098,1,13,0755,2019,2,9,3,0
1549652400000,7-0004,18875501102,3,10,0,2019,2,9,3,0
1549652400000,4-0019,18875501105,3,14,0,2019,2,9,3,0
1549652400000,23-0017,18875501114,2,13,0750,2019,2,9,3,0
1549652400000,8-0003,18875501119,1,13,0755,2019,2,9,3,0
1549652400000,9-0014,18875501123,1,13,0755,2019,2,9,3,0
1549652400000,5-0018,18875501136,1,13,0755,2019,2,9,3,0
1549652400000,15-0007,18875501138,1,13,0755,2019,2,9,3,0
1549652400000,13-0002,18875501155,1,13,0755,2019,2,9,3,0
1549652400000,21-0010,18875501160,1,13,0755,2019,2,9,3,0
1549652400000,16-0018,18875501163,1,13,0755,2019,2,9,3,0
1549652400000,14-0004,18875501168,1,13,0755,2019,2,9,3,0
1549652400000,15-0006,18875501183,1,13,0755,2019,2,9,3,0
1549652400000,24-0008,18875501185,1,13,0755,2019,2,9,3,0
1549652400000,17-0009,18875501187,1,13,0755,2019,2,9,3,0
1549652400000,13-0016,18875501192,1,13,0755,2019,2,9,3,0
1549652400000,9-0016,18875501210,1,13,0755,2019,2,9,3,0
1549652400000,8-0016,18875501211,1,13,0755,2019,2,9,3,0
1549652400000,11-0018,18875501212,1,13,0755,2019,2,9,3,0
1549652400000,4-0011,18875501227,1,13,0755,2019,2,9,3,0
1549652400000,19-0002,18875501229,1,13,0755,2019,2,9,3,0
1549652400000,10-0004,18875501247,1,13,0755,2019,2,9,3,0
1549652400000,6-0018,18875501248,1,13,0755,2019,2,9,3,0
1549652400000,16-0000,18875501257,1,13,0755,2019,2,9,3,0
1549652400000,14-0018,18875501260,1,13,0755,2019,2,9,3,0
1549652400000,20-0002,18875501268,1,13,0755,2019,2,9,3,0
1549652400000,8-0000,18875501276,1,13,0755,2019,2,9,3,0
1549652400000,20-0003,18875501286,1,13,0755,2019,2,9,3,0
1549652400000,6-0011,18875501294,1,13,0755,2019,2,9,3,0
1549652400000,18-0011,18875501296,1,13,0755,2019,2,9,3,0
1549652400000,16-0007,18875501299,1,13,0755,2019,2,9,3,0
1549652400000,14-0010,18875501307,3,22,0,2019,2,9,3,0
1549652400000,7-0018,18875501309,1,13,0755,2019,2,9,3,0
1549652400000,13-0001,18875501313,2,13,020,2019,2,9,3,0
1549652400000,18-0005,18875501348,1,13,0755,2019,2,9,3,0
1549652400000,7-0006,18875501356,1,13,0755,2019,2,9,3,0
1549652400000,12-0013,18875501360,1,13,0755,2019,2,9,3,0
1549652400000,4-0006,18875501362,1,13,0755,2019,2,9,3,0
1549652400000,6-0015,18875501364,1,13,0755,2019,2,9,3,0
1549652400000,6-0018,18875501373,1,13,0755,2019,2,9,3,0
1549652400000,9-0012,18875501390,1,13,0755,2019,2,9,3,0
1549652400000,11-0018,18875501398,1,13,0755,2019,2,9,3,0
1549652400000,13-0007,18875501412,1,13,0755,2019,2,9,3,0
1549652400000,12-0005,18875501415,2,13,0758,2019,2,9,3,0
1549652400000,7-0003,18875501416,2,13,0753,2019,2,9,3,0
1549652400000,24-0018,18875501423,1,13,0755,2019,2,9,3,0
1549652400000,9-0002,18875501440,1,13,0755,2019,2,9,3,0
1549652400000,22-0017,18875501445,1,13,0755,2019,2,9,3,0
1549652400000,16-0006,18875501470,1,13,0755,2019,2,9,3,0
1549652400000,18-0016,18875501487,1,13,0755,2019,2,9,3,0
1549652400000,12-0016,18875501492,1,13,0755,2019,2,9,3,0
1549652400000,11-0017,18875501526,1,13,0755,2019,2,9,3,0
1549652400000,15-0005,18875501528,1,13,0755,2019,2,9,3,0
1549652400000,12-0009,18875501535,1,13,0755,2019,2,9,3,0
1549652400000,9-0001,18875501537,1,13,0755,2019,2,9,3,0
1549652400000,9-0015,18875501539,1,13,0755,2019,2,9,3,0
1549652400000,15-0010,18875501569,1,13,0755,2019,2,9,3,0
1549652400000,22-0006,18875501570,1,13,0755,2019,2,9,3,0
1549652400000,19-0005,18875501580,1,13,0755,2019,2,9,3,0
1549652400000,22-0015,18875501581,1,13,0755,2019,2,9,3,0
1549652400000,20-0008,18875501585,1,13,0755,2019,2,9,3,0
1549652400000,12-0018,18875501587,1,13,0755,2019,2,9,3,0
1549652400000,8-0008,18875501589,1,13,0755,2019,2,9,3,0
1549652400000,12-0005,18875501594,1,13,0755,2019,2,9,3,0
1549652400000,14-0012,18875501596,1,13,0755,2019,2,9,3,0
1549652400000,21-0002,18875501617,2,13,0752,2019,2,9,3,0
1549652400000,4-0000,18875501622,1,13,0755,2019,2,9,3,0
1549652400000,22-0014,18875501624,1,13,0755,2019,2,9,3,0
1549652400000,18-0000,18875501631,1,13,0755,2019,2,9,3,0
1549652400000,14-0002,18875501650,0,0,0,2019,2,9,3,0
1549652400000,9-0009,18875501673,1,13,0755,2019,2,9,3,0
1549652400000,4-0006,18875501681,1,13,0755,2019,2,9,3,0
1549652400000,16-0013,18875501683,1,13,0755,2019,2,9,3,0
1549652400000,5-0010,18875501684,1,13,0755,2019,2,9,3,0
1549652400000,9-0010,18875501685,1,13,0755,2019,2,9,3,0
1549652400000,18-0009,18875501710,1,13,0755,2019,2,9,3,0
1549652400000,15-0019,18875501712,1,13,0755,2019,2,9,3,0
1549652400000,17-0008,18875501716,2,13,0753,2019,2,9,3,0
1549652400000,11-0000,18875501718,2,13,0757,2019,2,9,3,0
1549652400000,7-0019,18875501729,1,13,0755,2019,2,9,3,0
1549652400000,6-0013,18875501760,1,13,0755,2019,2,9,3,0
1549652400000,4-0015,18875501784,1,13,0755,2019,2,9,3,0
1549652400000,12-0003,18875501788,1,13,0755,2019,2,9,3,0
1549652400000,20-0007,18875501793,1,13,0755,2019,2,9,3,0
1549652400000,5-0000,18875501794,1,13,0755,2019,2,9,3,0
1549652400000,21-0010,18875501795,1,13,0755,2019,2,9,3,0
1549652400000,18-0008,18875501809,1,13,0755,2019,2,9,3,0
1549652400000,16-0010,18875501814,2,13,0750,2019,2,9,3,0
1549652400000,19-0005,18875501821,1,13,0755,2019,2,9,3,0
1549652400000,10-0005,18875501827,1,13,0755,2019,2,9,3,0
1549652400000,19-0000,18875501834,1,13,0755,2019,2,9,3,0
1549652400000,7-0010,18875501837,1,13,0755,2019,2,9,3,0
1549652400000,14-0017,18875501840,1,13,0755,2019,2,9,3,0
1549652400000,22-0014,18875501859,1,13,0755,2019,2,9,3,0
1549652400000,6-0004,18875501861,1,13,0755,2019,2,9,3,0
1549652400000,8-0009,18875501867,1,13,0755,2019,2,9,3,0
1549652400000,20-0006,18875501879,1,13,0755,2019,2,9,3,0
1549652400000,13-0000,18875501880,1,13,0755,2019,2,9,3,0
1549652400000,9-0018,18875501884,1,13,0755,2019,2,9,3,0
1549652400000,22-0005,18875501886,1,13,0755,2019,2,9,3,0
1549652400000,8-0009,18875501887,1,13,0755,2019,2,9,3,0
1549652400000,5-0008,18875501893,1,13,0755,2019,2,9,3,0
1549652400000,20-0017,18875501895,1,13,0755,2019,2,9,3,0
1549652400000,10-0012,18875501927,1,13,0755,2019,2,9,3,0
1549652400000,20-0016,18875501935,1,13,0755,2019,2,9,3,0
1549652400000,15-0018,18875501941,1,13,0755,2019,2,9,3,0
1549652400000,17-0016,18875501947,1,13,0755,2019,2,9,3,0
1549652400000,6-0003,18875501956,1,13,0755,2019,2,9,3,0
1549652400000,15-0015,18875501957,1,13,0755,2019,2,9,3,0
1549652400000,21-0002,18875501976,1,13,0755,2019,2,9,3,0
1549652400000,7-0002,18875501984,1,13,0755,2019,2,9,3,0
1549652400000,9-0013,18875501990,1,13,0755,2019,2,9,3,0
1549652400000,24-0004,18875502002,3,10,0,2019,2,9,3,0
1549652400000,11-0004,18875502033,1,13,0755,2019,2,9,3,0
1549652400000,9-0013,18875502035,1,13,0755,2019,2,9,3,0
1549652400000,10-0005,18875502036,1,13,0755,2019,2,9,3,0
1549652400000,14-0003,18875502050,0,0,0,2019,2,9,3,0
1549652400000,24-0004,18875502061,1,13,0755,2019,2,9,3,0
1549652400000,12-0010,18875502062,1,13,0755,2019,2,9,3,0
1549652400000,15-0012,18875502068,1,13,0755,2019,2,9,3,0
1549652400000,9-0011,18875502074,1,13,0755,2019,2,9,3,0
1549652400000,18-0017,18875502083,1,13,0755,2019,2,9,3,0
1549652400000,9-0003,18875502094,1,13,0755,2019,2,9,3,0
1549652400000,20-0015,18875502098,1,13,0755,2019,2,9,3,0
1549652400000,21-0014,18875502102,3,10,0,2019,2,9,3,0
1549652400000,22-0017,18875502108,3,24,0,2019,2,9,3,0
1549652400000,24-0012,18875502110,1,13,0755,2019,2,9,3,0
1549652400000,14-0000,18875502116,2,13,0753,2019,2,9,3,0
1549652400000,15-0013,18875502121,1,13,0755,2019,2,9,3,0
1549652400000,8-0019,18875502139,1,13,0755,2019,2,9,3,0
1549652400000,10-0002,18875502144,1,13,0755,2019,2,9,3,0
1549652400000,14-0014,18875502146,1,13,0755,2019,2,9,3,0
1549652400000,23-0002,18875502150,0,0,0,2019,2,9,3,0
1549652400000,14-0005,18875502151,1,13,0755,2019,2,9,3,0
1549652400000,9-0004,18875502177,1,13,0755,2019,2,9,3,0
1549652400000,14-0009,18875502180,1,13,0755,2019,2,9,3,0
1549652400000,23-0012,18875502187,1,13,0755,2019,2,9,3,0
1549652400000,17-0010,18875502193,1,13,0755,2019,2,9,3,0
1549652400000,4-0010,18875502199,1,13,0755,2019,2,9,3,0
1549652400000,11-0019,18875502204,3,12,0,2019,2,9,3,0
1549652400000,13-0004,18875502207,3,22,0,2019,2,9,3,0
1549652400000,17-0010,18875502209,1,13,0755,2019,2,9,3,0
1549652400000,6-0001,18875502225,1,13,0755,2019,2,9,3,0
1549652400000,24-0001,18875502226,1,13,0755,2019,2,9,3,0
1549652400000,8-0017,18875502237,1,13,0755,2019,2,9,3,0
1549652400000,24-0008,18875502244,1,13,0755,2019,2,9,3,0
1549652400000,16-0002,18875502249,1,13,0755,2019,2,9,3,0
1549652400000,11-0013,18875502250,0,0,0,2019,2,9,3,0
1549652400000,22-0018,18875502251,1,13,0755,2019,2,9,3,0
1549652400000,15-0017,18875502254,1,13,0755,2019,2,9,3,0
1549652400000,6-0019,18875502265,1,13,0755,2019,2,9,3,0
1549652400000,24-0012,18875502276,1,13,0755,2019,2,9,3,0
1549652400000,4-0010,18875502280,1,13,0755,2019,2,9,3,0
1549652400000,13-0009,18875502294,1,13,0755,2019,2,9,3,0
1549652400000,6-0003,18875502298,1,13,0755,2019,2,9,3,0
1549652400000,21-0012,18875502315,2,13,0758,2019,2,9,3,0
1549652400000,20-0000,18875502318,2,13,0757,2019,2,9,3,0
1549652400000,10-0016,18875502332,1,13,0755,2019,2,9,3,0
1549652400000,8-0014,18875502334,1,13,0755,2019,2,9,3,0
1549652400000,8-0001,18875502336,1,13,0755,2019,2,9,3,0
1549652400000,18-0015,18875502350,0,0,0,2019,2,9,3,0
1549652400000,19-0003,18875502352,1,13,0755,2019,2,9,3,0
1549652400000,16-0003,18875502356,1,13,0755,2019,2,9,3,0
1549652400000,18-0006,18875502361,1,13,0755,2019,2,9,3,0
1549652400000,17-0004,18875502367,1,13,0755,2019,2,9,3,0
1549652400000,7-0011,18875502370,1,13,0755,2019,2,9,3,0
1549652400000,13-0007,18875502371,1,13,0755,2019,2,9,3,0
1549652400000,14-0010,18875502388,1,13,0755,2019,2,9,3,0
1549652400000,16-0003,18875502394,1,13,0755,2019,2,9,3,0
1549652400000,22-0013,18875502405,3,14,0,2019,2,9,3,0
1549652400000,24-0009,18875502410,1,13,0755,2019,2,9,3,0
1549652400000,15-0008,18875502418,2,13,0757,2019,2,9,3,0
1549652400000,21-0008,18875502437,1,13,0755,2019,2,9,3,0
1549652400000,10-0018,18875502449,1,13,0755,2019,2,9,3,0
1549652400000,22-0017,18875502460,1,13,0755,2019,2,9,3,0
1549652400000,20-0016,18875502474,1,13,0755,2019,2,9,3,0
1549652400000,12-0009,18875502479,1,13,0755,2019,2,9,3,0
1549652400000,16-0012,18875502482,1,13,0755,2019,2,9,3,0
1549652400000,13-0005,18875502488,1,13,0755,2019,2,9,3,0
1549652400000,14-0001,18875502492,1,13,0755,2019,2,9,3,0
1549652400000,20-0003,18875502499,1,13,0755,2019,2,9,3,0
1549652400000,19-0004,18875502500,1,13,0755,2019,2,9,3,0
1549652400000,17-0013,18875502509,1,13,0755,2019,2,9,3,0
1549652400000,15-0002,18875502521,1,13,0755,2019,2,9,3,0
1549652400000,10-0013,18875502525,1,13,0755,2019,2,9,3,0
1549652400000,4-0008,18875502534,1,13,0755,2019,2,9,3,0
1549652400000,15-0010,18875502538,1,13,0755,2019,2,9,3,0
1549652400000,22-0004,18875502546,1,13,0755,2019,2,9,3,0
1549652400000,15-0008,18875502569,1,13,0755,2019,2,9,3,0
1549652400000,5-0013,18875502601,4,0,0,2019,2,9,3,0
1549652400000,8-0006,18875502603,3,11,0,2019,2,9,3,0
1549652400000,6-0000,18875502623,1,13,0755,2019,2,9,3,0
1549652400000,18-0003,18875502624,1,13,0755,2019,2,9,3,0
1549652400000,18-0003,18875502628,1,13,0755,2019,2,9,3,0
1549652400000,14-0013,18875502636,1,13,0755,2019,2,9,3,0
1549652400000,20-0015,18875502650,0,0,0,2019,2,9,3,0
1549652400000,13-0011,18875502651,1,13,0755,2019,2,9,3,0
1549652400000,24-0005,18875502660,1,13,0755,2019,2,9,3,0
1549652400000,5-0015,18875502667,1,13,0755,2019,2,9,3,0
1549652400000,4-0015,18875502672,1,13,0755,2019,2,9,3,0
1549652400000,16-0014,18875502683,1,13,0755,2019,2,9,3,0
1549652400000,4-0017,18875502686,1,13,0755,2019,2,9,3,0
1549652400000,14-0018,18875502687,1,13,0755,2019,2,9,3,0
1549652400000,10-0003,18875502689,1,13,0755,2019,2,9,3,0
1549652400000,11-0002,18875502711,1,13,0755,2019,2,9,3,0
1549652400000,21-0003,18875502723,1,13,0755,2019,2,9,3,0
1549652400000,18-0014,18875502725,1,13,0755,2019,2,9,3,0
1549652400000,17-0002,18875502732,1,13,0755,2019,2,9,3,0
1549652400000,20-0011,18875502735,1,13,0755,2019,2,9,3,0
1549652400000,16-0001,18875502740,1,13,0755,2019,2,9,3,0
1549652400000,24-0002,18875502747,1,13,0755,2019,2,9,3,0
1549652400000,5-0014,18875502768,1,13,0755,2019,2,9,3,0
1549652400000,10-0002,18875502771,1,13,0755,2019,2,9,3,0
1549652400000,20-0018,18875502781,1,13,0755,2019,2,9,3,0
1549652400000,24-0014,18875502784,1,13,0755,2019,2,9,3,0
1549652400000,22-0008,18875502793,1,13,0755,2019,2,9,3,0
1549652400000,12-0018,18875502802,3,10,0,2019,2,9,3,0
1549652400000,5-0017,18875502813,2,13,020,2019,2,9,3,0
1549652400000,4-0011,18875502823,1,13,0755,2019,2,9,3,0
1549652400000,19-0011,18875502830,1,13,0755,2019,2,9,3,0
1549652400000,6-0019,18875502840,1,13,0755,2019,2,9,3,0
1549652400000,7-0009,18875502846,1,13,0755,2019,2,9,3,0
1549652400000,20-0015,18875502851,1,13,0755,2019,2,9,3,0
1549652400000,8-0003,18875502856,1,13,0755,2019,2,9,3,0
1549652400000,14-0012,18875502866,1,13,0755,2019,2,9,3,0
1549652400000,9-0011,18875502867,1,13,0755,2019,2,9,3,0
1549652400000,18-0019,18875502877,1,13,0755,2019,2,9,3,0
1549652400000,14-0006,18875502888,1,13,0755,2019,2,9,3,0
1549652400000,11-0016,18875502895,1,13,0755,2019,2,9,3,0
1549652400000,11-0014,18875502901,4,0,0,2019,2,9,3,0
1549652400000,14-0005,18875502909,1,13,0755,2019,2,9,3,0
1549652400000,6-0012,18875502917,2,13,0752,2019,2,9,3,0
1549652400000,10-0013,18875502921,1,13,0755,2019,2,9,3,0
1549652400000,21-0001,18875502932,1,13,0755,2019,2,9,3,0
1549652400000,13-0003,18875502946,1,13,0755,2019,2,9,3,0
1549652400000,18-0004,18875502947,1,13,0755,2019,2,9,3,0
1549652400000,14-0017,18875502957,1,13,0755,2019,2,9,3,0
1549652400000,21-0006,18875502992,1,13,0755,2019,2,9,3,0
1549652400000,22-0000,18875503014,2,13,0750,2019,2,9,3,0
1549652400000,24-0010,18875503016,2,13,0753,2019,2,9,3,0
1549652400000,24-0011,18875503025,1,13,0755,2019,2,9,3,0
1549652400000,14-0016,18875503028,1,13,0755,2019,2,9,3,0
1549652400000,9-0003,18875503030,1,13,0755,2019,2,9,3,0
1549652400000,11-0006,18875503035,1,13,0755,2019,2,9,3,0
1549652400000,4-0000,18875503038,1,13,0755,2019,2,9,3,0
1549652400000,10-0000,18875503055,1,13,0755,2019,2,9,3,0
1549652400000,21-0006,18875503063,1,13,0755,2019,2,9,3,0
1549652400000,13-0006,18875503065,1,13,0755,2019,2,9,3,0
1549652400000,19-0002,18875503084,1,13,0755,2019,2,9,3,0
1549652400000,4-0018,18875503085,1,13,0755,2019,2,9,3,0
1549652400000,17-0002,18875503088,1,13,0755,2019,2,9,3,0
1549652400000,12-0019,18875503095,1,13,0755,2019,2,9,3,0
1549652400000,12-0002,18875503108,3,24,0,2019,2,9,3,0
1549652400000,7-0006,18875503110,1,13,0755,2019,2,9,3,0
1549652400000,11-0007,18875503111,1,13,0755,2019,2,9,3,0
1549652400000,12-0008,18875503120,1,13,0755,2019,2,9,3,0
1549652400000,8-0001,18875503136,1,13,0755,2019,2,9,3,0
1549652400000,4-0007,18875503141,1,13,0755,2019,2,9,3,0
1549652400000,12-0004,18875503144,1,13,0755,2019,2,9,3,0
1549652400000,23-0003,18875503145,1,13,0755,2019,2,9,3,0
1549652400000,4-0005,18875503148,1,13,0755,2019,2,9,3,0
1549652400000,22-0011,18875503154,1,13,0755,2019,2,9,3,0
1549652400000,14-0006,18875503158,1,13,0755,2019,2,9,3,0
1549652400000,22-0004,18875503164,1,13,0755,2019,2,9,3,0
1549652400000,13-0019,18875503171,1,13,0755,2019,2,9,3,0
1549652400000,9-0013,18875503172,1,13,0755,2019,2,9,3,0
1549652400000,8-0006,18875503173,1,13,0755,2019,2,9,3,0
1549652400000,14-0019,18875503179,1,13,0755,2019,2,9,3,0
1549652400000,14-0002,18875503180,1,13,0755,2019,2,9,3,0
1549652400000,19-0016,18875503185,1,13,0755,2019,2,9,3,0
1549652400000,22-0001,18875503187,1,13,0755,2019,2,9,3,0
1549652400000,15-0011,18875503195,1,13,0755,2019,2,9,3,0
1549652400000,10-0009,18875503197,1,13,0755,2019,2,9,3,0
1549652400000,16-0016,18875503203,3,11,0,2019,2,9,3,0
1549652400000,4-0001,18875503208,3,24,0,2019,2,9,3,0
1549652400000,22-0004,18875503210,1,13,0755,2019,2,9,3,0
1549652400000,24-0015,18875503218,2,13,0757,2019,2,9,3,0
1549652400000,22-0000,18875503222,1,13,0755,2019,2,9,3,0
1549652400000,9-0019,18875503226,1,13,0755,2019,2,9,3,0
1549652400000,18-0015,18875503252,1,13,0755,2019,2,9,3,0
1549652400000,11-0012,18875503256,1,13,0755,2019,2,9,3,0
1549652400000,14-0017,18875503258,1,13,0755,2019,2,9,3,0
1549652400000,18-0003,18875503262,1,13,0755,2019,2,9,3,0
1549652400000,20-0008,18875503266,1,13,0755,2019,2,9,3,0
1549652400000,18-0013,18875503278,1,13,0755,2019,2,9,3,0
1549652400000,15-0007,18875503287,1,13,0755,2019,2,9,3,0
1549652400000,6-0005,18875503288,1,13,0755,2019,2,9,3,0
1549652400000,20-0002,18875503292,1,13,0755,2019,2,9,3,0
1549652400000,18-0008,18875503294,1,13,0755,2019,2,9,3,0
1549652400000,23-0009,18875503308,3,24,0,2019,2,9,3,0
1549652400000,10-0015,18875503311,1,13,0755,2019,2,9,3,0
1549652400000,4-0003,18875503324,1,13,0755,2019,2,9,3,0
1549652400000,21-0004,18875503326,1,13,0755,2019,2,9,3,0
1549652400000,21-0005,18875503343,1,13,0755,2019,2,9,3,0
1549652400000,7-0013,18875503347,1,13,0755,2019,2,9,3,0
1549652400000,17-0012,18875503368,1,13,0755,2019,2,9,3,0
1549652400000,15-0012,18875503372,1,13,0755,2019,2,9,3,0
1549652400000,8-0015,18875503374,1,13,0755,2019,2,9,3,0
1549652400000,8-0012,18875503378,1,13,0755,2019,2,9,3,0
1549652400000,20-0009,18875503407,3,22,0,2019,2,9,3,0
1549652400000,8-0002,18875503408,3,24,0,2019,2,9,3,0
1549652400000,22-0018,18875503421,1,13,0755,2019,2,9,3,0
1549652400000,15-0000,18875503428,1,13,0755,2019,2,9,3,0
1549652400000,9-0011,18875503430,1,13,0755,2019,2,9,3,0
1549652400000,16-0013,18875503436,1,13,0755,2019,2,9,3,0
1549652400000,22-0005,18875503448,1,13,0755,2019,2,9,3,0
1549652400000,24-0001,18875503457,1,13,0755,2019,2,9,3,0
1549652400000,17-0008,18875503476,1,13,0755,2019,2,9,3,0
1549652400000,4-0006,18875503477,1,13,0755,2019,2,9,3,0
1549652400000,5-0002,18875503510,1,13,0755,2019,2,9,3,0
1549652400000,12-0001,18875503511,1,13,0755,2019,2,9,3,0
1549652400000,17-0005,18875503514,2,13,0750,2019,2,9,3,0
1549652400000,9-0016,18875503516,2,13,0753,2019,2,9,3,0
1549652400000,10-0008,18875503523,1,13,0755,2019,2,9,3,0
1549652400000,7-0017,18875503525,1,13,0755,2019,2,9,3,0
1549652400000,18-0012,18875503539,1,13,0755,2019,2,9,3,0
1549652400000,4-0012,18875503541,1,13,0755,2019,2,9,3,0
1549652400000,20-0007,18875503546,1,13,0755,2019,2,9,3,0
1549652400000,12-0005,18875503551,1,13,0755,2019,2,9,3,0
1549652400000,10-0002,18875503572,1,13,0755,2019,2,9,3,0
1549652400000,4-0016,18875503581,1,13,0755,2019,2,9,3,0
1549652400000,20-0003,18875503589,1,13,0755,2019,2,9,3,0
1549652400000,23-0004,18875503592,1,13,0755,2019,2,9,3,0
1549652400000,19-0010,18875503619,1,13,0755,2019,2,9,3,0
1549652400000,8-0008,18875503622,1,13,0755,2019,2,9,3,0
1549652400000,23-0012,18875503635,1,13,0755,2019,2,9,3,0
1549652400000,6-0018,18875503645,1,13,0755,2019,2,9,3,0
1549652400000,19-0015,18875503648,1,13,0755,2019,2,9,3,0
1549652400000,5-0014,18875503660,1,13,0755,2019,2,9,3,0
1549652400000,8-0002,18875503666,1,13,0755,2019,2,9,3,0
1549652400000,10-0009,18875503668,1,13,0755,2019,2,9,3,0
1549652400000,4-0016,18875503671,1,13,0755,2019,2,9,3,0
1549652400000,7-0006,18875503682,1,13,0755,2019,2,9,3,0
1549652400000,18-0012,18875503687,1,13,0755,2019,2,9,3,0
1549652400000,5-0015,18875503688,1,13,0755,2019,2,9,3,0
1549652400000,7-0002,18875503695,1,13,0755,2019,2,9,3,0
1549652400000,5-0004,18875503701,4,0,0,2019,2,9,3,0
1549652400000,7-0018,18875503702,3,10,0,2019,2,9,3,0
1549652400000,12-0005,18875503719,1,13,0755,2019,2,9,3,0
1549652400000,5-0006,18875503729,1,13,0755,2019,2,9,3,0
1549652400000,15-0007,18875503732,1,13,0755,2019,2,9,3,0
1549652400000,22-0002,18875503752,1,13,0755,2019,2,9,3,0
1549652400000,14-0019,18875503753,1,13,0755,2019,2,9,3,0
1549652400000,9-0001,18875503756,1,13,0755,2019,2,9,3,0
1549652400000,20-0009,18875503776,1,13,0755,2019,2,9,3,0
1549652400000,12-0010,18875503778,1,13,0755,2019,2,9,3,0
1549652400000,7-0009,18875503782,1,13,0755,2019,2,9,3,0
1549652400000,17-0009,18875503793,1,13,0755,2019,2,9,3,0
1549652400000,13-0018,18875503802,3,10,0,2019,2,9,3,0
1549652400000,23-0011,18875503804,3,12,0,2019,2,9,3,0
1549652400000,10-0015,18875503805,3,14,0,2019,2,9,3,0
1549652400000,8-0008,18875503816,2,13,0753,2019,2,9,3,0
1549652400000,22-0015,18875503818,2,13,0757,2019,2,9,3,0
1549652400000,8-0003,18875503834,1,13,0755,2019,2,9,3,0
1549652400000,24-0010,18875503836,1,13,0755,2019,2,9,3,0
1549652400000,5-0018,18875503838,1,13,0755,2019,2,9,3,0
1549652400000,7-0017,18875503841,1,13,0755,2019,2,9,3,0
1549652400000,5-0012,18875503850,0,0,0,2019,2,9,3,0
1549652400000,14-0018,18875503858,1,13,0755,2019,2,9,3,0
1549652400000,6-0012,18875503859,1,13,0755,2019,2,9,3,0
1549652400000,8-0010,18875503866,1,13,0755,2019,2,9,3,0
1549652400000,16-0000,18875503868,1,13,0755,2019,2,9,3,0
1549652400000,16-0009,18875503869,1,13,0755,2019,2,9,3,0
1549652400000,10-0001,18875503872,1,13,0755,2019,2,9,3,0
1549652400000,24-0011,18875503879,1,13,0755,2019,2,9,3,0
1549652400000,21-0005,18875503881,1,13,0755,2019,2,9,3,0
1549652400000,19-0005,18875503895,1,13,0755,2019,2,9,3,0
1549652400000,20-0016,18875503899,1,13,0755,2019,2,9,3,0
1549652400000,7-0014,18875503900,1,13,0755,2019,2,9,3,0
1549652400000,9-0002,18875503902,3,10,0,2019,2,9,3,0
1549652400000,9-0013,18875503906,3,21,0,2019,2,9,3,0
1549652400000,11-0016,18875503909,1,13,0755,2019,2,9,3,0
1549652400000,21-0015,18875503915,2,13,0758,2019,2,9,3,0
1549652400000,13-0010,18875503919,1,13,0755,2019,2,9,3,0
1549652400000,16-0010,18875503923,1,13,0755,2019,2,9,3,0
1549652400000,24-0003,18875503925,1,13,0755,2019,2,9,3,0
1549652400000,4-0012,18875503935,1,13,0755,2019,2,9,3,0
1549652400000,19-0015,18875503942,1,13,0755,2019,2,9,3,0
1549652400000,14-0002,18875503950,0,0,0,2019,2,9,3,0
1549652400000,17-0006,18875503956,1,13,0755,2019,2,9,3,0
1549652400000,19-0004,18875503957,1,13,0755,2019,2,9,3,0
1549652400000,24-0000,18875503965,1,13,0755,2019,2,9,3,0
1549652400000,24-0015,18875503989,1,13,0755,2019,2,9,3,0
1549652400000,10-0014,18875504006,3,21,0,2019,2,9,3,0
1549652400000,20-0008,18875504011,1,13,0755,2019,2,9,3,0
1549652400000,22-0002,18875504040,1,13,0755,2019,2,9,3,0
1549652400000,21-0003,18875504043,1,13,0755,2019,2,9,3,0
1549652400000,6-0012,18875504048,1,13,0755,2019,2,9,3,0
1549652400000,23-0008,18875504062,1,13,0755,2019,2,9,3,0
1549652400000,23-0018,18875504065,1,13,0755,2019,2,9,3,0
1549652400000,24-0008,18875504066,1,13,0755,2019,2,9,3,0
1549652400000,21-0012,18875504118,2,13,0757,2019,2,9,3,0
1549652400000,18-0015,18875504119,1,13,0755,2019,2,9,3,0
1549652400000,12-0002,18875504127,1,13,0755,2019,2,9,3,0
1549652400000,18-0018,18875504128,1,13,0755,2019,2,9,3,0
1549652400000,4-0009,18875504133,1,13,0755,2019,2,9,3,0
1549652400000,17-0017,18875504134,1,13,0755,2019,2,9,3,0
1549652400000,17-0014,18875504140,1,13,0755,2019,2,9,3,0
1549652400000,17-0019,18875504141,1,13,0755,2019,2,9,3,0
1549652400000,15-0003,18875504142,1,13,0755,2019,2,9,3,0
1549652400000,17-0002,18875504156,1,13,0755,2019,2,9,3,0
1549652400000,18-0001,18875504170,1,13,0755,2019,2,9,3,0
1549652400000,24-0009,18875504182,1,13,0755,2019,2,9,3,0
1549652400000,19-0014,18875504186,1,13,0755,2019,2,9,3,0
1549652400000,16-0006,18875504188,1,13,0755,2019,2,9,3,0
1549652400000,21-0007,18875504196,1,13,0755,2019,2,9,3,0
1549652400000,9-0007,18875504200,1,13,0755,2019,2,9,3,0
1549652400000,14-0001,18875504213,2,13,020,2019,2,9,3,0
1549652400000,7-0017,18875504215,2,13,0758,2019,2,9,3,0
1549652400000,19-0004,18875504233,1,13,0755,2019,2,9,3,0
1549652400000,9-0004,18875504237,1,13,0755,2019,2,9,3,0
1549652400000,22-0017,18875504248,1,13,0755,2019,2,9,3,0
1549652400000,5-0017,18875504258,1,13,0755,2019,2,9,3,0
1549652400000,18-0010,18875504272,1,13,0755,2019,2,9,3,0
1549652400000,22-0000,18875504280,1,13,0755,2019,2,9,3,0
1549652400000,21-0013,18875504285,1,13,0755,2019,2,9,3,0
1549652400000,10-0006,18875504286,1,13,0755,2019,2,9,3,0
1549652400000,20-0015,18875504294,1,13,0755,2019,2,9,3,0
1549652400000,14-0002,18875504304,3,12,0,2019,2,9,3,0
1549652400000,5-0010,18875504305,3,14,0,2019,2,9,3,0
1549652400000,4-0000,18875504319,1,13,0755,2019,2,9,3,0
1549652400000,4-0005,18875504323,1,13,0755,2019,2,9,3,0
1549652400000,19-0002,18875504330,1,13,0755,2019,2,9,3,0
1549652400000,4-0006,18875504339,1,13,0755,2019,2,9,3,0
1549652400000,4-0012,18875504377,1,13,0755,2019,2,9,3,0
1549652400000,20-0000,18875504379,1,13,0755,2019,2,9,3,0
1549652400000,5-0013,18875504380,1,13,0755,2019,2,9,3,0
1549652400000,14-0009,18875504381,1,13,0755,2019,2,9,3,0
1549652400000,9-0014,18875504383,1,13,0755,2019,2,9,3,0
1549652400000,6-0002,18875504393,1,13,0755,2019,2,9,3,0
1549652400000,7-0011,18875504415,2,13,0758,2019,2,9,3,0
1549652400000,16-0012,18875504428,1,13,0755,2019,2,9,3,0
1549652400000,10-0010,18875504437,1,13,0755,2019,2,9,3,0
1549652400000,6-0005,18875504441,1,13,0755,2019,2,9,3,0
1549652400000,5-0006,18875504449,1,13,0755,2019,2,9,3,0
1549652400000,10-0013,18875504473,1,13,0755,2019,2,9,3,0
1549652400000,13-0012,18875504475,1,13,0755,2019,2,9,3,0
1549652400000,20-0008,18875504477,1,13,0755,2019,2,9,3,0
1549652400000,24-0018,18875504480,1,13,0755,2019,2,9,3,0
1549652400000,14-0003,18875504481,1,13,0755,2019,2,9,3,0
1549652400000,8-0016,18875504484,1,13,0755,2019,2,9,3,0
1549652400000,13-0011,18875504489,1,13,0755,2019,2,9,3,0
1549652400000,5-0011,18875504499,1,13,0755,2019,2,9,3,0
1549652400000,24-0007,18875504519,1,13,0755,2019,2,9,3,0
1549652400000,20-0016,18875504537,1,13,0755,2019,2,9,3,0
1549652400000,8-0006,18875504539,1,13,0755,2019,2,9,3,0
1549652400000,12-0017,18875504544,1,13,0755,2019,2,9,3,0
1549652400000,20-0007,18875504547,1,13,0755,2019,2,9,3,0
1549652400000,17-0018,18875504549,1,13,0755,2019,2,9,3,0
1549652400000,10-0010,18875504566,1,13,0755,2019,2,9,3,0
1549652400000,18-0018,18875504571,1,13,0755,2019,2,9,3,0
1549652400000,13-0006,18875504574,1,13,0755,2019,2,9,3,0
1549652400000,4-0011,18875504577,1,13,0755,2019,2,9,3,0
1549652400000,5-0009,18875504582,1,13,0755,2019,2,9,3,0
1549652400000,13-0016,18875504588,1,13,0755,2019,2,9,3,0
1549652400000,15-0009,18875504591,1,13,0755,2019,2,9,3,0
1549652400000,23-0002,18875504598,1,13,0755,2019,2,9,3,0
1549652400000,11-0017,18875504627,1,13,0755,2019,2,9,3,0
1549652400000,8-0016,18875504632,1,13,0755,2019,2,9,3,0
1549652400000,22-0008,18875504643,1,13,0755,2019,2,9,3,0
1549652400000,19-0017,18875504645,1,13,0755,2019,2,9,3,0
1549652400000,4-0007,18875504649,1,13,0755,2019,2,9,3,0
1549652400000,5-0004,18875504651,1,13,0755,2019,2,9,3,0
1549652400000,14-0016,18875504654,1,13,0755,2019,2,9,3,0
1549652400000,18-0006,18875504657,1,13,0755,2019,2,9,3,0
1549652400000,9-0016,18875504677,1,13,0755,2019,2,9,3,0
1549652400000,4-0003,18875504680,1,13,0755,2019,2,9,3,0
1549652400000,12-0004,18875504684,1,13,0755,2019,2,9,3,0
1549652400000,5-0003,18875504691,1,13,0755,2019,2,9,3,0
1549652400000,10-0012,18875504692,1,13,0755,2019,2,9,3,0
1549652400000,16-0008,18875504693,1,13,0755,2019,2,9,3,0
1549652400000,11-0013,18875504720,1,13,0755,2019,2,9,3,0
1549652400000,11-0005,18875504726,1,13,0755,2019,2,9,3,0
1549652400000,11-0006,18875504732,1,13,0755,2019,2,9,3,0
1549652400000,11-0009,18875504737,1,13,0755,2019,2,9,3,0
1549652400000,6-0011,18875504741,1,13,0755,2019,2,9,3,0
1549652400000,12-0014,18875504745,1,13,0755,2019,2,9,3,0
1549652400000,8-0014,18875504746,1,13,0755,2019,2,9,3,0
1549652400000,11-0011,18875504751,1,13,0755,2019,2,9,3,0
1549652400000,22-0006,18875504755,1,13,0755,2019,2,9,3,0
1549652400000,16-0003,18875504757,1,13,0755,2019,2,9,3,0
1549652400000,9-0018,18875504764,1,13,0755,2019,2,9,3,0
1549652400000,22-0009,18875504796,1,13,0755,2019,2,9,3,0
1549652400000,11-0005,18875504813,2,13,020,2019,2,9,3,0
1549652400000,6-0001,18875504824,1,13,0755,2019,2,9,3,0
1549652400000,20-0019,18875504828,1,13,0755,2019,2,9,3,0
1549652400000,7-0015,18875504842,1,13,0755,2019,2,9,3,0
1549652400000,17-0011,18875504871,1,13,0755,2019,2,9,3,0
1549652400000,24-0011,18875504875,1,13,0755,2019,2,9,3,0
1549652400000,16-0013,18875504880,1,13,0755,2019,2,9,3,0
1549652400000,15-0012,18875504890,1,13,0755,2019,2,9,3,0
1549652400000,20-0000,18875504892,1,13,0755,2019,2,9,3,0
1549652400000,14-0014,18875504899,1,13,0755,2019,2,9,3,0
1549652400000,14-0018,18875504900,1,13,0755,2019,2,9,3,0
1549652400000,14-0010,18875504917,2,13,0752,2019,2,9,3,0
1549652400000,11-0004,18875504919,1,13,0755,2019,2,9,3,0
1549652400000,4-0001,18875504922,1,13,0755,2019,2,9,3,0
1549652400000,13-0018,18875504937,1,13,0755,2019,2,9,3,0
1549652400000,19-0000,18875504941,1,13,0755,2019,2,9,3,0
1549652400000,24-0013,18875504966,1,13,0755,2019,2,9,3,0
1549652400000,13-0019,18875504971,1,13,0755,2019,2,9,3,0
1549652400000,12-0002,18875504973,1,13,0755,2019,2,9,3,0
1549652400000,11-0001,18875504976,1,13,0755,2019,2,9,3,0
1549652400000,6-0018,18875504977,1,13,0755,2019,2,9,3,0
1549652400000,6-0004,18875504987,1,13,0755,2019,2,9,3,0
1549652400000,24-0019,18875504992,1,13,0755,2019,2,9,3,0
1549652400000,7-0019,18875504993,1,13,0755,2019,2,9,3,0
1549652400000,18-0012,18875504994,1,13,0755,2019,2,9,3,0
1549652400000,6-0007,18875504997,1,13,0755,2019,2,9,3,0
1549652400000,12-0004,18875505003,3,11,0,2019,2,9,3,0
1549652400000,24-0000,18875505012,1,13,0755,2019,2,9,3,0
1549652400000,10-0013,18875505015,2,13,0758,2019,2,9,3,0
1549652400000,14-0019,18875505016,2,13,0753,2019,2,9,3,0
1549652400000,6-0001,18875505017,2,13,0752,2019,2,9,3,0
1549652400000,22-0002,18875505022,1,13,0755,2019,2,9,3,0
1549652400000,8-0003,18875505025,1,13,0755,2019,2,9,3,0
1549652400000,11-0000,18875505032,1,13,0755,2019,2,9,3,0
1549652400000,18-0000,18875505043,1,13,0755,2019,2,9,3,0
1549652400000,14-0016,18875505050,0,0,0,2019,2,9,3,0
1549652400000,16-0006,18875505057,1,13,0755,2019,2,9,3,0
1549652400000,14-0001,18875505061,1,13,0755,2019,2,9,3,0
1549652400000,9-0011,18875505074,1,13,0755,2019,2,9,3,0
1549652400000,23-0006,18875505086,1,13,0755,2019,2,9,3,0
1549652400000,5-0014,18875505093,1,13,0755,2019,2,9,3,0
1549652400000,13-0018,18875505097,1,13,0755,2019,2,9,3,0
1549652400000,15-0004,18875505116,2,13,0753,2019,2,9,3,0
1549652400000,7-0005,18875505121,1,13,0755,2019,2,9,3,0
1549652400000,18-0006,18875505129,1,13,0755,2019,2,9,3,0
1549652400000,11-0013,18875505132,1,13,0755,2019,2,9,3,0
1549652400000,21-0015,18875505135,1,13,0755,2019,2,9,3,0
1549652400000,18-0002,18875505137,1,13,0755,2019,2,9,3,0
1549652400000,13-0009,18875505138,1,13,0755,2019,2,9,3,0
1549652400000,10-0017,18875505144,1,13,0755,2019,2,9,3,0
1549652400000,5-0001,18875505149,1,13,0755,2019,2,9,3,0
1549652400000,6-0001,18875505157,1,13,0755,2019,2,9,3,0
1549652400000,19-0010,18875505166,1,13,0755,2019,2,9,3,0
1549652400000,16-0009,18875505185,1,13,0755,2019,2,9,3,0
1549652400000,12-0013,18875505197,1,13,0755,2019,2,9,3,0
1549652400000,7-0011,18875505230,1,13,0755,2019,2,9,3,0
1549652400000,17-0008,18875505239,1,13,0755,2019,2,9,3,0
1549652400000,23-0009,18875505242,1,13,0755,2019,2,9,3,0
1549652400000,16-0004,18875505253,1,13,0755,2019,2,9,3,0
1549652400000,10-0012,18875505266,1,13,0755,2019,2,9,3,0
1549652400000,12-0014,18875505272,1,13,0755,2019,2,9,3,0
1549652400000,13-0015,18875505278,1,13,0755,2019,2,9,3,0
1549652400000,12-0019,18875505293,1,13,0755,2019,2,9,3,0
1549652400000,10-0019,18875505304,3,12,0,2019,2,9,3,0
1549652400000,5-0012,18875505305,3,14,0,2019,2,9,3,0
1549652400000,5-0004,18875505308,3,24,0,2019,2,9,3,0
1549652400000,12-0012,18875505314,2,13,0750,2019,2,9,3,0
1549652400000,12-0012,18875505319,1,13,0755,2019,2,9,3,0
1549652400000,11-0014,18875505327,1,13,0755,2019,2,9,3,0
1549652400000,6-0002,18875505330,1,13,0755,2019,2,9,3,0
1549652400000,10-0001,18875505335,1,13,0755,2019,2,9,3,0
1549652400000,13-0013,18875505338,1,13,0755,2019,2,9,3,0
1549652400000,9-0012,18875505359,1,13,0755,2019,2,9,3,0
1549652400000,14-0004,18875505360,1,13,0755,2019,2,9,3,0
1549652400000,16-0018,18875505368,1,13,0755,2019,2,9,3,0
1549652400000,23-0003,18875505371,1,13,0755,2019,2,9,3,0
1549652400000,5-0014,18875505403,3,11,0,2019,2,9,3,0
1549652400000,15-0009,18875505421,1,13,0755,2019,2,9,3,0
1549652400000,11-0010,18875505431,1,13,0755,2019,2,9,3,0
1549652400000,20-0007,18875505452,1,13,0755,2019,2,9,3,0
1549652400000,15-0003,18875505453,1,13,0755,2019,2,9,3,0
1549652400000,24-0014,18875505462,1,13,0755,2019,2,9,3,0
1549652400000,21-0005,18875505463,1,13,0755,2019,2,9,3,0
1549652400000,13-0012,18875505475,1,13,0755,2019,2,9,3,0
1549652400000,20-0005,18875505487,1,13,0755,2019,2,9,3,0
1549652400000,15-0010,18875505489,1,13,0755,2019,2,9,3,0
1549652400000,19-0015,18875505491,1,13,0755,2019,2,9,3,0
1549652400000,6-0012,18875505493,1,13,0755,2019,2,9,3,0
1549652400000,21-0002,18875505508,3,24,0,2019,2,9,3,0
1549652400000,12-0014,18875505522,1,13,0755,2019,2,9,3,0
1549652400000,15-0014,18875505525,1,13,0755,2019,2,9,3,0
1549652400000,20-0016,18875505527,1,13,0755,2019,2,9,3,0
1549652400000,12-0017,18875505529,1,13,0755,2019,2,9,3,0
1549652400000,15-0008,18875505531,1,13,0755,2019,2,9,3,0
1549652400000,16-0015,18875505535,1,13,0755,2019,2,9,3,0
1549652400000,10-0008,18875505550,0,0,0,2019,2,9,3,0
1549652400000,11-0013,18875505556,1,13,0755,2019,2,9,3,0
1549652400000,10-0015,18875505560,1,13,0755,2019,2,9,3,0
1549652400000,4-0000,18875505561,1,13,0755,2019,2,9,3,0
1549652400000,17-0011,18875505569,1,13,0755,2019,2,9,3,0
1549652400000,6-0003,18875505595,1,13,0755,2019,2,9,3,0
1549652400000,18-0017,18875505597,1,13,0755,2019,2,9,3,0
1549652400000,22-0012,18875505601,4,0,0,2019,2,9,3,0
1549652400000,11-0001,18875505642,1,13,0755,2019,2,9,3,0
1549652400000,23-0006,18875505643,1,13,0755,2019,2,9,3,0
1549652400000,14-0008,18875505655,1,13,0755,2019,2,9,3,0
1549652400000,20-0011,18875505661,1,13,0755,2019,2,9,3,0
1549652400000,17-0012,18875505732,1,13,0755,2019,2,9,3,0
1549652400000,17-0005,18875505737,1,13,0755,2019,2,9,3,0
1549652400000,10-0018,18875505752,1,13,0755,2019,2,9,3,0
1549652400000,18-0014,18875505761,1,13,0755,2019,2,9,3,0
1549652400000,19-0008,18875505772,1,13,0755,2019,2,9,3,0
1549652400000,22-0003,18875505773,1,13,0755,2019,2,9,3,0
1549652400000,10-0000,18875505793,1,13,0755,2019,2,9,3,0
1549652400000,20-0003,18875505800,1,13,0755,2019,2,9,3,0
1549652400000,9-0011,18875505801,4,0,0,2019,2,9,3,0
1549652400000,12-0009,18875505829,1,13,0755,2019,2,9,3,0
1549652400000,11-0007,18875505837,1,13,0755,2019,2,9,3,0
1549652400000,12-0010,18875505871,1,13,0755,2019,2,9,3,0
1549652400000,19-0009,18875505875,1,13,0755,2019,2,9,3,0
1549652400000,5-0005,18875505883,1,13,0755,2019,2,9,3,0
1549652400000,22-0015,18875505904,3,12,0,2019,2,9,3,0
1549652400000,11-0002,18875505909,1,13,0755,2019,2,9,3,0
1549652400000,20-0004,18875505925,1,13,0755,2019,2,9,3,0
1549652400000,23-0003,18875505937,1,13,0755,2019,2,9,3,0
1549652400000,14-0009,18875505953,1,13,0755,2019,2,9,3,0
1549652400000,15-0017,18875505957,1,13,0755,2019,2,9,3,0
1549652400000,14-0002,18875505968,1,13,0755,2019,2,9,3,0
1549652400000,11-0011,18875505989,1,13,0755,2019,2,9,3,0
1549652400000,14-0015,18875505991,1,13,0755,2019,2,9,3,0
1549652400000,4-0016,18875506004,3,12,0,2019,2,9,3,0
1549652400000,12-0010,18875506015,2,13,0758,2019,2,9,3,0
1549652400000,10-0011,18875506018,2,13,0757,2019,2,9,3,0
1549652400000,12-0005,18875506023,1,13,0755,2019,2,9,3,0
1549652400000,18-0019,18875506025,1,13,0755,2019,2,9,3,0
1549652400000,20-0012,18875506046,1,13,0755,2019,2,9,3,0
1549652400000,21-0016,18875506058,1,13,0755,2019,2,9,3,0
1549652400000,10-0008,18875506063,1,13,0755,2019,2,9,3,0
1549652400000,20-0007,18875506065,1,13,0755,2019,2,9,3,0
1549652400000,13-0002,18875506073,1,13,0755,2019,2,9,3,0
1549652400000,5-0004,18875506083,1,13,0755,2019,2,9,3,0
1549652400000,13-0007,18875506087,1,13,0755,2019,2,9,3,0
1549652400000,15-0017,18875506097,1,13,0755,2019,2,9,3,0
1549652400000,20-0009,18875506104,3,12,0,2019,2,9,3,0
1549652400000,19-0005,18875506106,3,21,0,2019,2,9,3,0
1549652400000,16-0011,18875506113,2,13,020,2019,2,9,3,0
1549652400000,10-0005,18875506118,2,13,0757,2019,2,9,3,0
1549652400000,22-0018,18875506124,1,13,0755,2019,2,9,3,0
1549652400000,11-0007,18875506143,1,13,0755,2019,2,9,3,0
1549652400000,23-0012,18875506150,0,0,0,2019,2,9,3,0
1549652400000,20-0001,18875506161,1,13,0755,2019,2,9,3,0
1549652400000,5-0008,18875506164,1,13,0755,2019,2,9,3,0
1549652400000,23-0013,18875506170,1,13,0755,2019,2,9,3,0
1549652400000,23-0010,18875506178,1,13,0755,2019,2,9,3,0
1549652400000,10-0018,18875506184,1,13,0755,2019,2,9,3,0
1549652400000,9-0001,18875506190,1,13,0755,2019,2,9,3,0
1549652400000,4-0015,18875506200,1,13,0755,2019,2,9,3,0
1549652400000,22-0005,18875506214,2,13,0750,2019,2,9,3,0
1549652400000,8-0014,18875506217,2,13,0752,2019,2,9,3,0
1549652400000,5-0016,18875506235,1,13,0755,2019,2,9,3,0
1549652400000,24-0019,18875506238,1,13,0755,2019,2,9,3,0
1549652400000,22-0010,18875506253,1,13,0755,2019,2,9,3,0
1549652400000,21-0011,18875506261,1,13,0755,2019,2,9,3,0
1549652400000,17-0019,18875506265,1,13,0755,2019,2,9,3,0
1549652400000,5-0018,18875506266,1,13,0755,2019,2,9,3,0
1549652400000,9-0013,18875506275,1,13,0755,2019,2,9,3,0
1549652400000,24-0015,18875506276,1,13,0755,2019,2,9,3,0
1549652400000,22-0001,18875506277,1,13,0755,2019,2,9,3,0
1549652400000,11-0011,18875506280,1,13,0755,2019,2,9,3,0
1549652400000,12-0001,18875506282,1,13,0755,2019,2,9,3,0
1549652400000,11-0017,18875506293,1,13,0755,2019,2,9,3,0
1549652400000,10-0017,18875506298,1,13,0755,2019,2,9,3,0
1549652400000,11-0014,18875506303,3,11,0,2019,2,9,3,0
1549652400000,16-0002,18875506309,1,13,0755,2019,2,9,3,0
1549652400000,24-0015,18875506327,1,13,0755,2019,2,9,3,0
1549652400000,7-0012,18875506348,1,13,0755,2019,2,9,3,0
1549652400000,4-0015,18875506355,1,13,0755,2019,2,9,3,0
1549652400000,13-0010,18875506357,1,13,0755,2019,2,9,3,0
1549652400000,13-0010,18875506368,1,13,0755,2019,2,9,3,0
1549652400000,10-0011,18875506369,1,13,0755,2019,2,9,3,0
1549652400000,7-0001,18875506378,1,13,0755,2019,2,9,3,0
1549652400000,11-0013,18875506382,1,13,0755,2019,2,9,3,0
1549652400000,12-0007,18875506396,1,13,0755,2019,2,9,3,0
1549652400000,15-0018,18875506410,1,13,0755,2019,2,9,3,0
1549652400000,18-0012,18875506413,2,13,020,2019,2,9,3,0
1549652400000,24-0010,18875506436,1,13,0755,2019,2,9,3,0
1549652400000,13-0000,18875506449,1,13,0755,2019,2,9,3,0
1549652400000,12-0009,18875506455,1,13,0755,2019,2,9,3,0
1549652400000,21-0001,18875506468,1,13,0755,2019,2,9,3,0
1549652400000,19-0004,18875506507,3,22,0,2019,2,9,3,0
1549652400000,7-0015,18875506508,3,24,0,2019,2,9,3,0
1549652400000,14-0012,18875506512,1,13,0755,2019,2,9,3,0
1549652400000,20-0017,18875506518,2,13,0757,2019,2,9,3,0
1549652400000,13-0018,18875506519,1,13,0755,2019,2,9,3,0
1549652400000,24-0003,18875506520,1,13,0755,2019,2,9,3,0
1549652400000,17-0003,18875506524,1,13,0755,2019,2,9,3,0
1549652400000,15-0012,18875506525,1,13,0755,2019,2,9,3,0
1549652400000,7-0005,18875506529,1,13,0755,2019,2,9,3,0
1549652400000,8-0001,18875506533,1,13,0755,2019,2,9,3,0
1549652400000,22-0017,18875506559,1,13,0755,2019,2,9,3,0
1549652400000,24-0001,18875506565,1,13,0755,2019,2,9,3,0
1549652400000,12-0016,18875506569,1,13,0755,2019,2,9,3,0
1549652400000,8-0016,18875506589,1,13,0755,2019,2,9,3,0
1549652400000,24-0012,18875506591,1,13,0755,2019,2,9,3,0
1549652400000,10-0007,18875506604,3,12,0,2019,2,9,3,0
1549652400000,22-0011,18875506607,3,22,0,2019,2,9,3,0
1549652400000,10-0001,18875506610,1,13,0755,2019,2,9,3,0
1549652400000,19-0015,18875506611,1,13,0755,2019,2,9,3,0
1549652400000,9-0005,18875506620,1,13,0755,2019,2,9,3,0
1549652400000,12-0009,18875506621,1,13,0755,2019,2,9,3,0
1549652400000,16-0007,18875506629,1,13,0755,2019,2,9,3,0
1549652400000,19-0019,18875506630,1,13,0755,2019,2,9,3,0
1549652400000,17-0016,18875506635,1,13,0755,2019,2,9,3,0
1549652400000,15-0008,18875506650,0,0,0,2019,2,9,3,0
1549652400000,13-0017,18875506686,1,13,0755,2019,2,9,3,0
1549652400000,12-0017,18875506706,3,21,0,2019,2,9,3,0
1549652400000,5-0016,18875506707,3,22,0,2019,2,9,3,0
1549652400000,4-0000,18875506713,2,13,020,2019,2,9,3,0
1549652400000,14-0006,18875506714,2,13,0750,2019,2,9,3,0
1549652400000,23-0001,18875506724,1,13,0755,2019,2,9,3,0
1549652400000,23-0012,18875506725,1,13,0755,2019,2,9,3,0
1549652400000,13-0012,18875506729,1,13,0755,2019,2,9,3,0
1549652400000,13-0014,18875506730,1,13,0755,2019,2,9,3,0
1549652400000,6-0014,18875506740,1,13,0755,2019,2,9,3,0
1549652400000,17-0011,18875506743,1,13,0755,2019,2,9,3,0
1549652400000,8-0013,18875506756,1,13,0755,2019,2,9,3,0
1549652400000,7-0001,18875506775,1,13,0755,2019,2,9,3,0
1549652400000,21-0019,18875506776,1,13,0755,2019,2,9,3,0
1549652400000,21-0006,18875506807,3,22,0,2019,2,9,3,0
1549652400000,15-0018,18875506810,1,13,0755,2019,2,9,3,0
1549652400000,12-0016,18875506819,1,13,0755,2019,2,9,3,0
1549652400000,11-0018,18875506822,1,13,0755,2019,2,9,3,0
1549652400000,6-0012,18875506824,1,13,0755,2019,2,9,3,0
1549652400000,21-0002,18875506828,1,13,0755,2019,2,9,3,0
1549652400000,15-0007,18875506857,1,13,0755,2019,2,9,3,0
1549652400000,6-0011,18875506862,1,13,0755,2019,2,9,3,0
1549652400000,18-0012,18875506865,1,13,0755,2019,2,9,3,0
1549652400000,21-0001,18875506872,1,13,0755,2019,2,9,3,0
1549652400000,12-0003,18875506877,1,13,0755,2019,2,9,3,0
1549652400000,20-0013,18875506884,1,13,0755,2019,2,9,3,0
1549652400000,22-0004,18875506891,1,13,0755,2019,2,9,3,0
1549652400000,17-0005,18875506898,1,13,0755,2019,2,9,3,0
1549652400000,16-0004,18875506901,4,0,0,2019,2,9,3,0
1549652400000,7-0012,18875506909,1,13,0755,2019,2,9,3,0
1549652400000,18-0011,18875506911,1,13,0755,2019,2,9,3,0
1549652400000,24-0000,18875506919,1,13,0755,2019,2,9,3,0
1549652400000,12-0010,18875506920,1,13,0755,2019,2,9,3,0
1549652400000,17-0016,18875506922,1,13,0755,2019,2,9,3,0
1549652400000,15-0006,18875506924,1,13,0755,2019,2,9,3,0
1549652400000,7-0017,18875506949,1,13,0755,2019,2,9,3,0
1549652400000,14-0012,18875506950,0,0,0,2019,2,9,3,0
1549652400000,19-0005,18875506954,1,13,0755,2019,2,9,3,0
1549652400000,4-0008,18875506960,1,13,0755,2019,2,9,3,0
1549652400000,7-0017,18875506961,1,13,0755,2019,2,9,3,0
1549652400000,10-0019,18875506973,1,13,0755,2019,2,9,3,0
1549652400000,5-0019,18875506979,1,13,0755,2019,2,9,3,0
1549652400000,13-0007,18875506996,1,13,0755,2019,2,9,3,0
1549652400000,16-0001,18875507002,3,10,0,2019,2,9,3,0
1549652400000,14-0003,18875507018,2,13,0757,2019,2,9,3,0
1549652400000,7-0019,18875507028,1,13,0755,2019,2,9,3,0
1549652400000,20-0017,18875507037,1,13,0755,2019,2,9,3,0
1549652400000,20-0018,18875507041,1,13,0755,2019,2,9,3,0
1549652400000,14-0004,18875507046,1,13,0755,2019,2,9,3,0
1549652400000,7-0002,18875507049,1,13,0755,2019,2,9,3,0
1549652400000,18-0003,18875507060,1,13,0755,2019,2,9,3,0
1549652400000,6-0015,18875507076,1,13,0755,2019,2,9,3,0
1549652400000,9-0006,18875507083,1,13,0755,2019,2,9,3,0
1549652400000,16-0007,18875507089,1,13,0755,2019,2,9,3,0
1549652400000,17-0015,18875507093,1,13,0755,2019,2,9,3,0
1549652400000,12-0015,18875507099,1,13,0755,2019,2,9,3,0
1549652400000,21-0014,18875507110,1,13,0755,2019,2,9,3,0
1549652400000,5-0002,18875507120,1,13,0755,2019,2,9,3,0
1549652400000,20-0016,18875507143,1,13,0755,2019,2,9,3,0
1549652400000,22-0015,18875507147,1,13,0755,2019,2,9,3,0
1549652400000,11-0013,18875507149,1,13,0755,2019,2,9,3,0
1549652400000,9-0005,18875507151,1,13,0755,2019,2,9,3,0
1549652400000,23-0003,18875507153,1,13,0755,2019,2,9,3,0
1549652400000,17-0015,18875507155,1,13,0755,2019,2,9,3,0
1549652400000,6-0004,18875507170,1,13,0755,2019,2,9,3,0
1549652400000,20-0012,18875507174,1,13,0755,2019,2,9,3,0
1549652400000,20-0000,18875507186,1,13,0755,2019,2,9,3,0
1549652400000,7-0008,18875507190,1,13,0755,2019,2,9,3,0
1549652400000,18-0011,18875507203,3,11,0,2019,2,9,3,0
1549652400000,20-0019,18875507204,3,12,0,2019,2,9,3,0
1549652400000,16-0008,18875507207,3,22,0,2019,2,9,3,0
1549652400000,6-0005,18875507214,2,13,0750,2019,2,9,3,0
1549652400000,11-0008,18875507219,1,13,0755,2019,2,9,3,0
1549652400000,4-0007,18875507228,1,13,0755,2019,2,9,3,0
1549652400000,6-0007,18875507234,1,13,0755,2019,2,9,3,0
1549652400000,17-0019,18875507241,1,13,0755,2019,2,9,3,0
1549652400000,16-0009,18875507242,1,13,0755,2019,2,9,3,0
1549652400000,21-0011,18875507246,1,13,0755,2019,2,9,3,0
1549652400000,18-0010,18875507254,1,13,0755,2019,2,9,3,0
1549652400000,18-0001,18875507262,1,13,0755,2019,2,9,3,0
1549652400000,5-0000,18875507264,1,13,0755,2019,2,9,3,0
1549652400000,24-0015,18875507277,1,13,0755,2019,2,9,3,0
1549652400000,4-0019,18875507288,1,13,0755,2019,2,9,3,0
1549652400000,7-0002,18875507293,1,13,0755,2019,2,9,3,0
1549652400000,17-0006,18875507296,1,13,0755,2019,2,9,3,0
1549652400000,13-0019,18875507310,1,13,0755,2019,2,9,3,0
1549652400000,7-0008,18875507319,1,13,0755,2019,2,9,3,0
1549652400000,12-0012,18875507322,1,13,0755,2019,2,9,3,0
1549652400000,24-0002,18875507335,1,13,0755,2019,2,9,3,0
1549652400000,12-0017,18875507338,1,13,0755,2019,2,9,3,0
1549652400000,6-0017,18875507345,1,13,0755,2019,2,9,3,0
1549652400000,20-0003,18875507347,1,13,0755,2019,2,9,3,0
1549652400000,21-0015,18875507352,1,13,0755,2019,2,9,3,0
1549652400000,21-0009,18875507362,1,13,0755,2019,2,9,3,0
1549652400000,14-0005,18875507375,1,13,0755,2019,2,9,3,0
1549652400000,23-0012,18875507387,1,13,0755,2019,2,9,3,0
1549652400000,14-0004,18875507395,1,13,0755,2019,2,9,3,0
1549652400000,20-0015,18875507397,1,13,0755,2019,2,9,3,0
1549652400000,23-0018,18875507418,2,13,0757,2019,2,9,3,0
1549652400000,22-0010,18875507429,1,13,0755,2019,2,9,3,0
1549652400000,19-0006,18875507430,1,13,0755,2019,2,9,3,0
1549652400000,5-0015,18875507432,1,13,0755,2019,2,9,3,0
1549652400000,7-0003,18875507434,1,13,0755,2019,2,9,3,0
1549652400000,19-0015,18875507437,1,13,0755,2019,2,9,3,0
1549652400000,19-0011,18875507440,1,13,0755,2019,2,9,3,0
1549652400000,12-0010,18875507443,1,13,0755,2019,2,9,3,0
1549652400000,13-0011,18875507472,1,13,0755,2019,2,9,3,0
1549652400000,23-0012,18875507475,1,13,0755,2019,2,9,3,0
1549652400000,9-0009,18875507504,3,12,0,2019,2,9,3,0
1549652400000,23-0003,18875507506,3,21,0,2019,2,9,3,0
1549652400000,13-0008,18875507520,1,13,0755,2019,2,9,3,0
1549652400000,22-0014,18875507545,1,13,0755,2019,2,9,3,0
1549652400000,6-0018,18875507549,1,13,0755,2019,2,9,3,0
1549652400000,12-0002,18875507557,1,13,0755,2019,2,9,3,0
1549652400000,10-0001,18875507564,1,13,0755,2019,2,9,3,0
1549652400000,6-0008,18875507567,1,13,0755,2019,2,9,3,0
1549652400000,23-0018,18875507569,1,13,0755,2019,2,9,3,0
1549652400000,23-0014,18875507594,1,13,0755,2019,2,9,3,0
1549652400000,6-0013,18875507595,1,13,0755,2019,2,9,3,0
1549652400000,5-0007,18875507606,3,21,0,2019,2,9,3,0
1549652400000,15-0018,18875507615,2,13,0758,2019,2,9,3,0
1549652400000,15-0003,18875507617,2,13,0752,2019,2,9,3,0
1549652400000,4-0017,18875507640,1,13,0755,2019,2,9,3,0
1549652400000,21-0007,18875507641,1,13,0755,2019,2,9,3,0
1549652400000,16-0002,18875507642,1,13,0755,2019,2,9,3,0
1549652400000,22-0011,18875507645,1,13,0755,2019,2,9,3,0
1549652400000,19-0001,18875507655,1,13,0755,2019,2,9,3,0
1549652400000,15-0012,18875507665,1,13,0755,2019,2,9,3,0
1549652400000,4-0009,18875507668,1,13,0755,2019,2,9,3,0
1549652400000,12-0006,18875507673,1,13,0755,2019,2,9,3,0
1549652400000,8-0001,18875507712,1,13,0755,2019,2,9,3,0
1549652400000,22-0011,18875507722,1,13,0755,2019,2,9,3,0
1549652400000,15-0012,18875507730,1,13,0755,2019,2,9,3,0
1549652400000,5-0005,18875507731,1,13,0755,2019,2,9,3,0
1549652400000,7-0006,18875507737,1,13,0755,2019,2,9,3,0
1549652400000,7-0015,18875507738,1,13,0755,2019,2,9,3,0
1549652400000,8-0005,18875507747,1,13,0755,2019,2,9,3,0
1549652400000,15-0013,18875507748,1,13,0755,2019,2,9,3,0
1549652400000,5-0004,18875507772,1,13,0755,2019,2,9,3,0
1549652400000,7-0011,18875507793,1,13,0755,2019,2,9,3,0
1549652400000,4-0012,18875507806,3,21,0,2019,2,9,3,0
1549652400000,21-0013,18875507811,1,13,0755,2019,2,9,3,0
1549652400000,23-0000,18875507812,1,13,0755,2019,2,9,3,0
1549652400000,18-0005,18875507814,2,13,0750,2019,2,9,3,0
1549652400000,24-0015,18875507823,1,13,0755,2019,2,9,3,0
1549652400000,20-0015,18875507832,1,13,0755,2019,2,9,3,0
1549652400000,12-0006,18875507837,1,13,0755,2019,2,9,3,0
1549652400000,20-0007,18875507846,1,13,0755,2019,2,9,3,0
1549652400000,22-0010,18875507850,0,0,0,2019,2,9,3,0
1549652400000,20-0013,18875507854,1,13,0755,2019,2,9,3,0
1549652400000,4-0007,18875507864,1,13,0755,2019,2,9,3,0
1549652400000,13-0001,18875507866,1,13,0755,2019,2,9,3,0
1549652400000,23-0008,18875507867,1,13,0755,2019,2,9,3,0
1549652400000,12-0007,18875507872,1,13,0755,2019,2,9,3,0
1549652400000,6-0012,18875507879,1,13,0755,2019,2,9,3,0
1549652400000,14-0002,18875507887,1,13,0755,2019,2,9,3,0
1549652400000,5-0011,18875507891,1,13,0755,2019,2,9,3,0
1549652400000,21-0016,18875507896,1,13,0755,2019,2,9,3,0
1549652400000,19-0003,18875507900,1,13,0755,2019,2,9,3,0
1549652400000,9-0014,18875507904,3,12,0,2019,2,9,3,0
1549652400000,19-0004,18875507905,3,14,0,2019,2,9,3,0
1549652400000,11-0016,18875507911,1,13,0755,2019,2,9,3,0
1549652400000,19-0018,18875507923,1,13,0755,2019,2,9,3,0
1549652400000,4-0008,18875507930,1,13,0755,2019,2,9,3,0
1549652400000,6-0015,18875507949,1,13,0755,2019,2,9,3,0
1549652400000,12-0013,18875507989,1,13,0755,2019,2,9,3,0
1549652400000,5-0016,18875507991,1,13,0755,2019,2,9,3,0
1549652400000,18-0001,18875508007,3,22,0,2019,2,9,3,0
1549652400000,15-0016,18875508009,1,13,0755,2019,2,9,3,0
1549652400000,12-0002,18875508023,1,13,0755,2019,2,9,3,0
1549652400000,24-0005,18875508028,1,13,0755,2019,2,9,3,0
1549652400000,23-0012,18875508031,1,13,0755,2019,2,9,3,0
1549652400000,12-0003,18875508032,1,13,0755,2019,2,9,3,0
1549652400000,7-0018,18875508035,1,13,0755,2019,2,9,3,0
1549652400000,8-0001,18875508040,1,13,0755,2019,2,9,3,0
1549652400000,10-0002,18875508042,1,13,0755,2019,2,9,3,0
1549652400000,17-0002,18875508045,1,13,0755,2019,2,9,3,0
1549652400000,19-0004,18875508046,1,13,0755,2019,2,9,3,0
1549652400000,9-0000,18875508052,1,13,0755,2019,2,9,3,0
1549652400000,15-0000,18875508057,1,13,0755,2019,2,9,3,0
1549652400000,11-0009,18875508069,1,13,0755,2019,2,9,3,0
1549652400000,19-0000,18875508071,1,13,0755,2019,2,9,3,0
1549652400000,5-0017,18875508076,1,13,0755,2019,2,9,3,0
1549652400000,14-0001,18875508077,1,13,0755,2019,2,9,3,0
1549652400000,21-0009,18875508091,1,13,0755,2019,2,9,3,0
1549652400000,7-0006,18875508098,1,13,0755,2019,2,9,3,0
1549652400000,8-0013,18875508100,1,13,0755,2019,2,9,3,0
1549652400000,19-0017,18875508125,1,13,0755,2019,2,9,3,0
1549652400000,10-0016,18875508132,1,13,0755,2019,2,9,3,0
1549652400000,21-0013,18875508135,1,13,0755,2019,2,9,3,0
1549652400000,5-0002,18875508155,1,13,0755,2019,2,9,3,0
1549652400000,17-0004,18875508158,1,13,0755,2019,2,9,3,0
1549652400000,4-0000,18875508176,1,13,0755,2019,2,9,3,0
1549652400000,8-0019,18875508179,1,13,0755,2019,2,9,3,0
1549652400000,8-0014,18875508181,1,13,0755,2019,2,9,3,0
1549652400000,16-0005,18875508191,1,13,0755,2019,2,9,3,0
1549652400000,16-0011,18875508192,1,13,0755,2019,2,9,3,0
1549652400000,4-0013,18875508200,1,13,0755,2019,2,9,3,0
1549652400000,20-0001,18875508201,4,0,0,2019,2,9,3,0
1549652400000,19-0010,18875508205,3,14,0,2019,2,9,3,0
1549652400000,24-0007,18875508207,3,22,0,2019,2,9,3,0
1549652400000,14-0012,18875508226,1,13,0755,2019,2,9,3,0
1549652400000,10-0004,18875508236,1,13,0755,2019,2,9,3,0
1549652400000,24-0015,18875508241,1,13,0755,2019,2,9,3,0
1549652400000,21-0016,18875508244,1,13,0755,2019,2,9,3,0
1549652400000,15-0018,18875508255,1,13,0755,2019,2,9,3,0
1549652400000,4-0008,18875508256,1,13,0755,2019,2,9,3,0
1549652400000,16-0019,18875508259,1,13,0755,2019,2,9,3,0
1549652400000,4-0016,18875508265,1,13,0755,2019,2,9,3,0
1549652400000,21-0004,18875508275,1,13,0755,2019,2,9,3,0
1549652400000,23-0001,18875508296,1,13,0755,2019,2,9,3,0
1549652400000,23-0012,18875508304,3,12,0,2019,2,9,3,0
1549652400000,21-0003,18875508305,3,14,0,2019,2,9,3,0
1549652400000,13-0008,18875508314,2,13,0750,2019,2,9,3,0
1549652400000,8-0010,18875508319,1,13,0755,2019,2,9,3,0
1549652400000,24-0003,18875508331,1,13,0755,2019,2,9,3,0
1549652400000,7-0016,18875508333,1,13,0755,2019,2,9,3,0
1549652400000,15-0009,18875508342,1,13,0755,2019,2,9,3,0
1549652400000,16-0016,18875508363,1,13,0755,2019,2,9,3,0
1549652400000,9-0012,18875508372,1,13,0755,2019,2,9,3,0
1549652400000,9-0004,18875508379,1,13,0755,2019,2,9,3,0
1549652400000,20-0012,18875508393,1,13,0755,2019,2,9,3,0
1549652400000,23-0013,18875508394,1,13,0755,2019,2,9,3,0
1549652400000,16-0014,18875508397,1,13,0755,2019,2,9,3,0
1549652400000,24-0005,18875508404,3,12,0,2019,2,9,3,0
1549652400000,24-0019,18875508426,1,13,0755,2019,2,9,3,0
1549652400000,22-0009,18875508457,1,13,0755,2019,2,9,3,0
1549652400000,14-0005,18875508459,1,13,0755,2019,2,9,3,0
1549652400000,5-0000,18875508486,1,13,0755,2019,2,9,3,0
1549652400000,8-0004,18875508498,1,13,0755,2019,2,9,3,0
1549652400000,7-0004,18875508499,1,13,0755,2019,2,9,3,0
1549652400000,17-0001,18875508502,3,10,0,2019,2,9,3,0
1549652400000,23-0018,18875508514,2,13,0750,2019,2,9,3,0
1549652400000,17-0010,18875508525,1,13,0755,2019,2,9,3,0
1549652400000,5-0009,18875508530,1,13,0755,2019,2,9,3,0
1549652400000,21-0009,18875508540,1,13,0755,2019,2,9,3,0
1549652400000,24-0004,18875508551,1,13,0755,2019,2,9,3,0
1549652400000,11-0016,18875508555,1,13,0755,2019,2,9,3,0
1549652400000,19-0011,18875508560,1,13,0755,2019,2,9,3,0
1549652400000,24-0006,18875508579,1,13,0755,2019,2,9,3,0
1549652400000,6-0018,18875508581,1,13,0755,2019,2,9,3,0
1549652400000,12-0013,18875508607,3,22,0,2019,2,9,3,0
1549652400000,5-0000,18875508616,2,13,0753,2019,2,9,3,0
1549652400000,9-0011,18875508625,1,13,0755,2019,2,9,3,0
1549652400000,17-0000,18875508634,1,13,0755,2019,2,9,3,0
1549652400000,24-0008,18875508645,1,13,0755,2019,2,9,3,0
1549652400000,10-0008,18875508652,1,13,0755,2019,2,9,3,0
1549652400000,12-0015,18875508673,1,13,0755,2019,2,9,3,0
1549652400000,24-0015,18875508674,1,13,0755,2019,2,9,3,0
1549652400000,16-0000,18875508684,1,13,0755,2019,2,9,3,0
1549652400000,9-0005,18875508700,1,13,0755,2019,2,9,3,0
1549652400000,19-0018,18875508707,3,22,0,2019,2,9,3,0
1549652400000,8-0010,18875508708,3,24,0,2019,2,9,3,0
1549652400000,7-0003,18875508728,1,13,0755,2019,2,9,3,0
1549652400000,8-0017,18875508740,1,13,0755,2019,2,9,3,0
1549652400000,16-0019,18875508743,1,13,0755,2019,2,9,3,0
1549652400000,22-0004,18875508755,1,13,0755,2019,2,9,3,0
1549652400000,6-0002,18875508758,1,13,0755,2019,2,9,3,0
1549652400000,18-0018,18875508764,1,13,0755,2019,2,9,3,0
1549652400000,16-0007,18875508765,1,13,0755,2019,2,9,3,0
1549652400000,21-0017,18875508778,1,13,0755,2019,2,9,3,0
1549652400000,8-0009,18875508795,1,13,0755,2019,2,9,3,0
1549652400000,15-0014,18875508809,1,13,0755,2019,2,9,3,0
1549652400000,11-0002,18875508850,0,0,0,2019,2,9,3,0
1549652400000,5-0008,18875508854,1,13,0755,2019,2,9,3,0
1549652400000,4-0005,18875508858,1,13,0755,2019,2,9,3,0
1549652400000,21-0019,18875508868,1,13,0755,2019,2,9,3,0
1549652400000,16-0008,18875508869,1,13,0755,2019,2,9,3,0
1549652400000,20-0018,18875508871,1,13,0755,2019,2,9,3,0
1549652400000,24-0002,18875508872,1,13,0755,2019,2,9,3,0
1549652400000,22-0003,18875508877,1,13,0755,2019,2,9,3,0
1549652400000,14-0016,18875508881,1,13,0755,2019,2,9,3,0
1549652400000,5-0015,18875508883,1,13,0755,2019,2,9,3,0
1549652400000,23-0010,18875508885,1,13,0755,2019,2,9,3,0
1549652400000,14-0013,18875508888,1,13,0755,2019,2,9,3,0
1549652400000,13-0003,18875508898,1,13,0755,2019,2,9,3,0
1549652400000,19-0016,18875508905,3,14,0,2019,2,9,3,0
1549652400000,12-0012,18875508917,2,13,0752,2019,2,9,3,0
1549652400000,19-0008,18875508933,1,13,0755,2019,2,9,3,0
1549652400000,24-0013,18875508949,1,13,0755,2019,2,9,3,0
1549652400000,10-0005,18875508958,1,13,0755,2019,2,9,3,0
1549652400000,5-0009,18875508960,1,13,0755,2019,2,9,3,0
1549652400000,20-0002,18875508963,1,13,0755,2019,2,9,3,0
1549652400000,16-0004,18875508996,1,13,0755,2019,2,9,3,0
1549652400000,10-0011,18875509006,3,21,0,2019,2,9,3,0
1549652400000,20-0007,18875509011,1,13,0755,2019,2,9,3,0
1549652400000,13-0002,18875509017,2,13,0752,2019,2,9,3,0
1549652400000,21-0017,18875509029,1,13,0755,2019,2,9,3,0
1549652400000,6-0017,18875509033,1,13,0755,2019,2,9,3,0
1549652400000,24-0010,18875509036,1,13,0755,2019,2,9,3,0
1549652400000,17-0008,18875509046,1,13,0755,2019,2,9,3,0
1549652400000,7-0009,18875509050,0,0,0,2019,2,9,3,0
1549652400000,22-0019,18875509056,1,13,0755,2019,2,9,3,0
1549652400000,11-0000,18875509078,1,13,0755,2019,2,9,3,0
1549652400000,5-0009,18875509085,1,13,0755,2019,2,9,3,0
1549652400000,15-0017,18875509087,1,13,0755,2019,2,9,3,0
1549652400000,23-0001,18875509096,1,13,0755,2019,2,9,3,0
1549652400000,13-0015,18875509101,4,0,0,2019,2,9,3,0
1549652400000,5-0009,18875509115,2,13,0758,2019,2,9,3,0
1549652400000,23-0003,18875509134,1,13,0755,2019,2,9,3,0
1549652400000,20-0012,18875509143,1,13,0755,2019,2,9,3,0
1549652400000,19-0004,18875509145,1,13,0755,2019,2,9,3,0
1549652400000,24-0007,18875509154,1,13,0755,2019,2,9,3,0
1549652400000,14-0016,18875509155,1,13,0755,2019,2,9,3,0
1549652400000,12-0003,18875509158,1,13,0755,2019,2,9,3,0
1549652400000,10-0014,18875509183,1,13,0755,2019,2,9,3,0
1549652400000,11-0005,18875509185,1,13,0755,2019,2,9,3,0
1549652400000,16-0019,18875509195,1,13,0755,2019,2,9,3,0
1549652400000,20-0012,18875509201,4,0,0,2019,2,9,3,0
1549652400000,21-0016,18875509206,3,21,0,2019,2,9,3,0
1549652400000,20-0007,18875509207,3,22,0,2019,2,9,3,0
1549652400000,15-0001,18875509214,2,13,0750,2019,2,9,3,0
1549652400000,6-0015,18875509220,1,13,0755,2019,2,9,3,0
1549652400000,24-0015,18875509238,1,13,0755,2019,2,9,3,0
1549652400000,8-0011,18875509249,1,13,0755,2019,2,9,3,0
1549652400000,24-0004,18875509252,1,13,0755,2019,2,9,3,0
1549652400000,8-0008,18875509258,1,13,0755,2019,2,9,3,0
1549652400000,24-0013,18875509269,1,13,0755,2019,2,9,3,0
1549652400000,11-0001,18875509284,1,13,0755,2019,2,9,3,0
1549652400000,7-0003,18875509302,3,10,0,2019,2,9,3,0
1549652400000,18-0018,18875509306,3,21,0,2019,2,9,3,0
1549652400000,6-0017,18875509313,2,13,020,2019,2,9,3,0
1549652400000,10-0004,18875509319,1,13,0755,2019,2,9,3,0
1549652400000,12-0002,18875509323,1,13,0755,2019,2,9,3,0
1549652400000,23-0007,18875509348,1,13,0755,2019,2,9,3,0
1549652400000,7-0019,18875509349,1,13,0755,2019,2,9,3,0
1549652400000,22-0005,18875509357,1,13,0755,2019,2,9,3,0
1549652400000,8-0014,18875509360,1,13,0755,2019,2,9,3,0
1549652400000,9-0018,18875509393,1,13,0755,2019,2,9,3,0
1549652400000,10-0016,18875509399,1,13,0755,2019,2,9,3,0
1549652400000,24-0003,18875509404,3,12,0,2019,2,9,3,0
1549652400000,4-0004,18875509410,1,13,0755,2019,2,9,3,0
1549652400000,11-0018,18875509422,1,13,0755,2019,2,9,3,0
1549652400000,21-0015,18875509432,1,13,0755,2019,2,9,3,0
1549652400000,23-0016,18875509433,1,13,0755,2019,2,9,3,0
1549652400000,10-0011,18875509434,1,13,0755,2019,2,9,3,0
1549652400000,19-0007,18875509450,0,0,0,2019,2,9,3,0
1549652400000,15-0014,18875509469,1,13,0755,2019,2,9,3,0
1549652400000,11-0002,18875509475,1,13,0755,2019,2,9,3,0
1549652400000,15-0010,18875509477,1,13,0755,2019,2,9,3,0
1549652400000,22-0009,18875509487,1,13,0755,2019,2,9,3,0
1549652400000,11-0006,18875509509,1,13,0755,2019,2,9,3,0
1549652400000,7-0005,18875509515,2,13,0758,2019,2,9,3,0
1549652400000,11-0013,18875509519,1,13,0755,2019,2,9,3,0
1549652400000,16-0015,18875509533,1,13,0755,2019,2,9,3,0
1549652400000,9-0011,18875509534,1,13,0755,2019,2,9,3,0
1549652400000,10-0011,18875509538,1,13,0755,2019,2,9,3,0
1549652400000,11-0013,18875509558,1,13,0755,2019,2,9,3,0
1549652400000,4-0004,18875509575,1,13,0755,2019,2,9,3,0
1549652400000,11-0013,18875509580,1,13,0755,2019,2,9,3,0
1549652400000,15-0003,18875509593,1,13,0755,2019,2,9,3,0
1549652400000,17-0004,18875509598,1,13,0755,2019,2,9,3,0
1549652400000,24-0003,18875509601,4,0,0,2019,2,9,3,0
1549652400000,14-0002,18875509615,2,13,0758,2019,2,9,3,0
1549652400000,5-0014,18875509619,1,13,0755,2019,2,9,3,0
1549652400000,13-0011,18875509620,1,13,0755,2019,2,9,3,0
1549652400000,17-0018,18875509631,1,13,0755,2019,2,9,3,0
1549652400000,21-0017,18875509634,1,13,0755,2019,2,9,3,0
1549652400000,6-0016,18875509637,1,13,0755,2019,2,9,3,0
1549652400000,15-0009,18875509639,1,13,0755,2019,2,9,3,0
1549652400000,15-0012,18875509647,1,13,0755,2019,2,9,3,0
1549652400000,4-0010,18875509667,1,13,0755,2019,2,9,3,0
1549652400000,18-0013,18875509668,1,13,0755,2019,2,9,3,0
1549652400000,6-0001,18875509669,1,13,0755,2019,2,9,3,0
1549652400000,14-0003,18875509672,1,13,0755,2019,2,9,3,0
1549652400000,12-0012,18875509674,1,13,0755,2019,2,9,3,0
1549652400000,12-0010,18875509700,1,13,0755,2019,2,9,3,0
1549652400000,20-0002,18875509720,1,13,0755,2019,2,9,3,0
1549652400000,15-0017,18875509725,1,13,0755,2019,2,9,3,0
1549652400000,10-0002,18875509727,1,13,0755,2019,2,9,3,0
1549652400000,7-0004,18875509730,1,13,0755,2019,2,9,3,0
1549652400000,6-0012,18875509739,1,13,0755,2019,2,9,3,0
1549652400000,20-0003,18875509750,0,0,0,2019,2,9,3,0
1549652400000,18-0009,18875509755,1,13,0755,2019,2,9,3,0
1549652400000,6-0006,18875509759,1,13,0755,2019,2,9,3,0
1549652400000,7-0006,18875509760,1,13,0755,2019,2,9,3,0
1549652400000,10-0004,18875509763,1,13,0755,2019,2,9,3,0
1549652400000,11-0007,18875509768,1,13,0755,2019,2,9,3,0
1549652400000,23-0019,18875509769,1,13,0755,2019,2,9,3,0
1549652400000,19-0013,18875509772,1,13,0755,2019,2,9,3,0
1549652400000,15-0018,18875509777,1,13,0755,2019,2,9,3,0
1549652400000,6-0015,18875509781,1,13,0755,2019,2,9,3,0
1549652400000,14-0003,18875509784,1,13,0755,2019,2,9,3,0
1549652400000,10-0006,18875509791,1,13,0755,2019,2,9,3,0
1549652400000,9-0018,18875509794,1,13,0755,2019,2,9,3,0
1549652400000,7-0012,18875509799,1,13,0755,2019,2,9,3,0
1549652400000,16-0009,18875509806,3,21,0,2019,2,9,3,0
1549652400000,11-0001,18875509807,3,22,0,2019,2,9,3,0
1549652400000,10-0005,18875509809,1,13,0755,2019,2,9,3,0
1549652400000,8-0005,18875509815,2,13,0758,2019,2,9,3,0
1549652400000,4-0016,18875509828,1,13,0755,2019,2,9,3,0
1549652400000,22-0000,18875509845,1,13,0755,2019,2,9,3,0
1549652400000,24-0016,18875509846,1,13,0755,2019,2,9,3,0
1549652400000,24-0008,18875509854,1,13,0755,2019,2,9,3,0
1549652400000,18-0006,18875509864,1,13,0755,2019,2,9,3,0
1549652400000,9-0011,18875509876,1,13,0755,2019,2,9,3,0
1549652400000,5-0012,18875509883,1,13,0755,2019,2,9,3,0
1549652400000,23-0001,18875509908,3,24,0,2019,2,9,3,0
1549652400000,24-0005,18875509910,1,13,0755,2019,2,9,3,0
1549652400000,7-0018,18875509939,1,13,0755,2019,2,9,3,0
1549652400000,15-0019,18875509952,1,13,0755,2019,2,9,3,0
1549652400000,20-0010,18875509953,1,13,0755,2019,2,9,3,0
1549652400000,24-0007,18875509969,1,13,0755,2019,2,9,3,0
1549652400000,19-0002,18875509974,1,13,0755,2019,2,9,3,0
1549652400000,22-0005,18875509981,1,13,0755,2019,2,9,3,0
1549652400000,15-0018,18875509983,1,13,0755,2019,2,9,3,0
1549652400000,11-0016,18875509991,1,13,0755,2019,2,9,3,0
1549652400000,23-0004,18875509998,1,13,0755,2019,2,9,3,0
