1549642500000,15-0015,18875500063,1,13,0755,2019,2,9,0,15
1549642500000,10-0007,18875500081,1,13,0755,2019,2,9,0,15
1549642500000,16-0014,18875500093,1,13,0755,2019,2,9,0,15
1549642500000,4-0015,18875500110,1,13,0755,2019,2,9,0,15
1549642500000,21-0007,18875500294,1,13,0755,2019,2,9,0,15
1549642500000,9-0017,18875500432,1,13,0755,2019,2,9,0,15
1549642500000,9-0010,18875500498,1,13,0755,2019,2,9,0,15
1549642500000,24-0019,18875500516,2,13,0753,2019,2,9,0,15
1549642500000,16-0019,18875500536,1,13,0755,2019,2,9,0,15
1549642500000,19-0006,18875500575,1,13,0755,2019,2,9,0,15
1549642500000,11-0000,18875500716,2,13,0753,2019,2,9,0,15
1549642500000,23-0009,18875500852,1,13,0755,2019,2,9,0,15
1549642500000,12-0001,18875500880,1,13,0755,2019,2,9,0,15
1549642500000,6-0014,18875500912,1,13,0755,2019,2,9,0,15
1549642500000,19-0004,18875500920,1,13,0755,2019,2,9,0,15
1549642500000,18-0016,18875500984,1,13,0755,2019,2,9,0,15
1549642500000,21-0017,18875500999,1,13,0755,2019,2,9,0,15
1549642500000,17-0018,18875501005,3,14,0,2019,2,9,0,15
1549642500000,10-0011,18875501059,1,13,0755,2019,2,9,0,15
1549642500000,4-0019,18875501105,3,14,0,2019,2,9,0,15
1549642500000,24-0019,18875501169,1,13,0755,2019,2,9,0,15
1549642500000,24-0008,18875501185,1,13,0755,2019,2,9,0,15
1549642500000,14-0018,18875501260,1,13,0755,2019,2,9,0,15
1549642500000,20-0002,18875501268,1,13,0755,2019,2,9,0,15
1549642500000,20-0003,18875501286,1,13,0755,2019,2,9,0,15
1549642500000,12-0013,18875501360,1,13,0755,2019,2,9,0,15
1549642500000,6-0015,18875501364,1,13,0755,2019,2,9,0,15
1549642500000,15-0005,18875501528,1,13,0755,2019,2,9,0,15
1549642500000,9-0015,18875501539,1,13,0755,2019,2,9,0,15
1549642500000,15-0010,18875501569,1,13,0755,2019,2,9,0,15
1549642500000,8-0008,18875501589,1,13,0755,2019,2,9,0,15
1549642500000,12-0019,18875501664,1,13,0755,2019,2,9,0,15
1549642500000,9-0010,18875501685,1,13,0755,2019,2,9,0,15
1549642500000,18-0009,18875501710,1,13,0755,2019,2,9,0,15
1549642500000,15-0019,18875501712,1,13,0755,2019,2,9,0,15
1549642500000,6-0013,18875501760,1,13,0755,2019,2,9,0,15
1549642500000,16-0010,18875501814,2,13,0750,2019,2,9,0,15
1549642500000,13-0000,18875501880,1,13,0755,2019,2,9,0,15
1549642500000,15-0018,18875501941,1,13,0755,2019,2,9,0,15
1549642500000,6-0003,18875501956,1,13,0755,2019,2,9,0,15
1549642500000,24-0004,18875502002,3,10,0,2019,2,9,0,15
1549642500000,14-0003,18875502050,0,0,0,2019,2,9,0,15
1549642500000,6-0011,18875502107,3,22,0,2019,2,9,0,15
1549642500000,8-0019,18875502139,1,13,0755,2019,2,9,0,15
1549642500000,23-0019,18875502179,1,13,0755,2019,2,9,0,15
1549642500000,8-0017,18875502237,1,13,0755,2019,2,9,0,15
1549642500000,24-0008,18875502244,1,13,0755,2019,2,9,0,15
1549642500000,24-0012,18875502276,1,13,0755,2019,2,9,0,15
1549642500000,4-0010,18875502280,1,13,0755,2019,2,9,0,15
1549642500000,23-0007,18875502302,3,10,0,2019,2,9,0,15
1549642500000,5-0017,18875502404,3,12,0,2019,2,9,0,15
1549642500000,22-0013,18875502405,3,14,0,2019,2,9,0,15
1549642500000,20-0003,18875502499,1,13,0755,2019,2,9,0,15
1549642500000,7-0011,18875502514,2,13,0750,2019,2,9,0,15
1549642500000,18-0003,18875502628,1,13,0755,2019,2,9,0,15
1549642500000,14-0013,18875502636,1,13,0755,2019,2,9,0,15
1549642500000,20-0015,18875502650,0,0,0,2019,2,9,0,15
1549642500000,14-0018,18875502687,1,13,0755,2019,2,9,0,15
1549642500000,10-0003,18875502689,1,13,0755,2019,2,9,0,15
1549642500000,14-0002,18875502777,1,13,0755,2019,2,9,0,15
1549642500000,4-0011,18875502823,1,13,0755,2019,2,9,0,15
1549642500000,8-0003,18875502856,1,13,0755,2019,2,9,0,15
1549642500000,14-0005,18875502909,1,13,0755,2019,2,9,0,15
1549642500000,10-0013,18875502921,1,13,0755,2019,2,9,0,15
1549642500000,18-0015,18875503252,1,13,0755,2019,2,9,0,15
1549642500000,18-0003,18875503262,1,13,0755,2019,2,9,0,15
1549642500000,18-0013,18875503278,1,13,0755,2019,2,9,0,15
1549642500000,4-0003,18875503324,1,13,0755,2019,2,9,0,15
1549642500000,4-0017,18875503376,1,13,0755,2019,2,9,0,15
1549642500000,8-0012,18875503378,1,13,0755,2019,2,9,0,15
1549642500000,9-0011,18875503430,1,13,0755,2019,2,9,0,15
1549642500000,22-0005,18875503448,1,13,0755,2019,2,9,0,15
1549642500000,4-0006,18875503477,1,13,0755,2019,2,9,0,15
1549642500000,10-0002,18875503572,1,13,0755,2019,2,9,0,15
1549642500000,23-0012,18875503635,1,13,0755,2019,2,9,0,15
1549642500000,7-0002,18875503695,1,13,0755,2019,2,9,0,15
1549642500000,10-0018,18875503711,1,13,0755,2019,2,9,0,15
1549642500000,7-0009,18875503782,1,13,0755,2019,2,9,0,15
1549642500000,24-0010,18875503836,1,13,0755,2019,2,9,0,15
1549642500000,5-0012,18875503850,0,0,0,2019,2,9,0,15
1549642500000,19-0005,18875503895,1,13,0755,2019,2,9,0,15
1549642500000,17-0019,18875504141,1,13,0755,2019,2,9,0,15
1549642500000,18-0001,18875504170,1,13,0755,2019,2,9,0,15
1549642500000,5-0017,18875504258,1,13,0755,2019,2,9,0,15
1549642500000,5-0010,18875504305,3,14,0,2019,2,9,0,15
1549642500000,4-0000,18875504319,1,13,0755,2019,2,9,0,15
1549642500000,5-0013,18875504380,1,13,0755,2019,2,9,0,15
1549642500000,14-0009,18875504381,1,13,0755,2019,2,9,0,15
1549642500000,8-0007,18875504467,1,13,0755,2019,2,9,0,15
1549642500000,13-0012,18875504475,1,13,0755,2019,2,9,0,15
1549642500000,5-0011,18875504499,1,13,0755,2019,2,9,0,15
1549642500000,8-0006,18875504539,1,13,0755,2019,2,9,0,15
1549642500000,19-0017,18875504645,1,13,0755,2019,2,9,0,15
1549642500000,16-0008,18875504693,1,13,0755,2019,2,9,0,15
1549642500000,11-0013,18875504720,1,13,0755,2019,2,9,0,15
1549642500000,6-0011,18875504741,1,13,0755,2019,2,9,0,15
1549642500000,8-0014,18875504746,1,13,0755,2019,2,9,0,15
1549642500000,11-0011,18875504751,1,13,0755,2019,2,9,0,15
1549642500000,15-0012,18875504890,1,13,0755,2019,2,9,0,15
1549642500000,11-0004,18875504919,1,13,0755,2019,2,9,0,15
1549642500000,13-0019,18875504971,1,13,0755,2019,2,9,0,15
1549642500000,6-0004,18875504987,1,13,0755,2019,2,9,0,15
1549642500000,24-0019,18875504992,1,13,0755,2019,2,9,0,15
1549642500000,10-0013,18875505015,2,13,0758,2019,2,9,0,15
1549642500000,9-0011,18875505074,1,13,0755,2019,2,9,0,15
1549642500000,10-0017,18875505144,1,13,0755,2019,2,9,0,15
1549642500000,6-0003,18875505199,1,13,0755,2019,2,9,0,15
1549642500000,17-0008,18875505239,1,13,0755,2019,2,9,0,15
1549642500000,10-0019,18875505304,3,12,0,2019,2,9,0,15
1549642500000,12-0012,18875505319,1,13,0755,2019,2,9,0,15
1549642500000,11-0014,18875505327,1,13,0755,2019,2,9,0,15
1549642500000,11-0010,18875505431,1,13,0755,2019,2,9,0,15
1549642500000,21-0005,18875505463,1,13,0755,2019,2,9,0,15
1549642500000,15-0010,18875505489,1,13,0755,2019,2,9,0,15
1549642500000,12-0014,18875505522,1,13,0755,2019,2,9,0,15
1549642500000,6-0003,18875505595,1,13,0755,2019,2,9,0,15
1549642500000,14-0008,18875505655,1,13,0755,2019,2,9,0,15
1549642500000,19-0008,18875505772,1,13,0755,2019,2,9,0,15
1549642500000,10-0000,18875505793,1,13,0755,2019,2,9,0,15
1549642500000,12-0009,18875505829,1,13,0755,2019,2,9,0,15
1549642500000,14-0002,18875505968,1,13,0755,2019,2,9,0,15
1549642500000,11-0011,18875505989,1,13,0755,2019,2,9,0,15
1549642500000,10-0005,18875506118,2,13,0757,2019,2,9,0,15
1549642500000,23-0013,18875506170,1,13,0755,2019,2,9,0,15
1549642500000,16-0013,18875506274,1,13,0755,2019,2,9,0,15
1549642500000,24-0015,18875506276,1,13,0755,2019,2,9,0,15
1549642500000,10-0011,18875506369,1,13,0755,2019,2,9,0,15
1549642500000,24-0010,18875506436,1,13,0755,2019,2,9,0,15
1549642500000,14-0012,18875506512,1,13,0755,2019,2,9,0,15
1549642500000,24-0003,18875506520,1,13,0755,2019,2,9,0,15
1549642500000,8-0001,18875506533,1,13,0755,2019,2,9,0,15
1549642500000,15-0008,18875506650,0,0,0,2019,2,9,0,15
1549642500000,14-0006,18875506714,2,13,0750,2019,2,9,0,15
1549642500000,16-0015,18875506723,1,13,0755,2019,2,9,0,15
1549642500000,6-0007,18875506778,1,13,0755,2019,2,9,0,15
1549642500000,11-0018,18875506822,1,13,0755,2019,2,9,0,15
1549642500000,6-0012,18875506824,1,13,0755,2019,2,9,0,15
1549642500000,12-0006,18875506847,1,13,0755,2019,2,9,0,15
1549642500000,16-0004,18875506901,4,0,0,2019,2,9,0,15
1549642500000,13-0008,18875506951,1,13,0755,2019,2,9,0,15
1549642500000,14-0004,18875507046,1,13,0755,2019,2,9,0,15
1549642500000,16-0007,18875507089,1,13,0755,2019,2,9,0,15
1549642500000,17-0015,18875507093,1,13,0755,2019,2,9,0,15
1549642500000,20-0016,18875507143,1,13,0755,2019,2,9,0,15
1549642500000,22-0015,18875507147,1,13,0755,2019,2,9,0,15
1549642500000,23-0003,18875507153,1,13,0755,2019,2,9,0,15
1549642500000,6-0004,18875507170,1,13,0755,2019,2,9,0,15
1549642500000,20-0000,18875507186,1,13,0755,2019,2,9,0,15
1549642500000,6-0005,18875507214,2,13,0750,2019,2,9,0,15
1549642500000,11-0008,18875507219,1,13,0755,2019,2,9,0,15
1549642500000,16-0009,18875507242,1,13,0755,2019,2,9,0,15
1549642500000,18-0001,18875507262,1,13,0755,2019,2,9,0,15
1549642500000,4-0019,18875507288,1,13,0755,2019,2,9,0,15
1549642500000,13-0019,18875507310,1,13,0755,2019,2,9,0,15
1549642500000,7-0008,18875507319,1,13,0755,2019,2,9,0,15
1549642500000,12-0012,18875507322,1,13,0755,2019,2,9,0,15
1549642500000,24-0002,18875507335,1,13,0755,2019,2,9,0,15
1549642500000,6-0017,18875507345,1,13,0755,2019,2,9,0,15
1549642500000,20-0015,18875507397,1,13,0755,2019,2,9,0,15
1549642500000,19-0006,18875507430,1,13,0755,2019,2,9,0,15
1549642500000,7-0003,18875507434,1,13,0755,2019,2,9,0,15
1549642500000,12-0002,18875507557,1,13,0755,2019,2,9,0,15
1549642500000,21-0007,18875507641,1,13,0755,2019,2,9,0,15
1549642500000,5-0005,18875507731,1,13,0755,2019,2,9,0,15
1549642500000,15-0013,18875507748,1,13,0755,2019,2,9,0,15
1549642500000,23-0000,18875507812,1,13,0755,2019,2,9,0,15
1549642500000,18-0005,18875507814,2,13,0750,2019,2,9,0,15
1549642500000,20-0007,18875507846,1,13,0755,2019,2,9,0,15
1549642500000,22-0010,18875507850,0,0,0,2019,2,9,0,15
1549642500000,21-0016,18875507896,1,13,0755,2019,2,9,0,15
1549642500000,11-0016,18875507911,1,13,0755,2019,2,9,0,15
1549642500000,5-0002,18875508155,1,13,0755,2019,2,9,0,15
1549642500000,17-0004,18875508158,1,13,0755,2019,2,9,0,15
1549642500000,4-0008,18875508256,1,13,0755,2019,2,9,0,15
1549642500000,21-0004,18875508275,1,13,0755,2019,2,9,0,15
1549642500000,16-0014,18875508397,1,13,0755,2019,2,9,0,15
1549642500000,24-0005,18875508404,3,12,0,2019,2,9,0,15
1549642500000,23-0010,18875508416,2,13,0753,2019,2,9,0,15
1549642500000,24-0019,18875508426,1,13,0755,2019,2,9,0,15
1549642500000,7-0017,18875508599,1,13,0755,2019,2,9,0,15
1549642500000,12-0013,18875508607,3,22,0,2019,2,9,0,15
1549642500000,5-0000,18875508616,2,13,0753,2019,2,9,0,15
1549642500000,9-0005,18875508700,1,13,0755,2019,2,9,0,15
1549642500000,8-0010,18875508708,3,24,0,2019,2,9,0,15
1549642500000,13-0014,18875508722,1,13,0755,2019,2,9,0,15
1549642500000,8-0001,18875508799,1,13,0755,2019,2,9,0,15
1549642500000,11-0002,18875508850,0,0,0,2019,2,9,0,15
1549642500000,23-0010,18875508885,1,13,0755,2019,2,9,0,15
1549642500000,14-0013,18875508888,1,13,0755,2019,2,9,0,15
1549642500000,10-0005,18875508958,1,13,0755,2019,2,9,0,15
1549642500000,20-0007,18875509011,1,13,0755,2019,2,9,0,15
1549642500000,6-0017,18875509033,1,13,0755,2019,2,9,0,15
1549642500000,5-0014,18875509039,1,13,0755,2019,2,9,0,15
1549642500000,5-0009,18875509085,1,13,0755,2019,2,9,0,15
1549642500000,15-0017,18875509087,1,13,0755,2019,2,9,0,15
1549642500000,23-0003,18875509134,1,13,0755,2019,2,9,0,15
1549642500000,14-0016,18875509155,1,13,0755,2019,2,9,0,15
1549642500000,16-0019,18875509195,1,13,0755,2019,2,9,0,15
1549642500000,24-0015,18875509238,1,13,0755,2019,2,9,0,15
1549642500000,8-0011,18875509249,1,13,0755,2019,2,9,0,15
1549642500000,8-0008,18875509258,1,13,0755,2019,2,9,0,15
1549642500000,10-0016,18875509399,1,13,0755,2019,2,9,0,15
1549642500000,11-0002,18875509475,1,13,0755,2019,2,9,0,15
1549642500000,15-0010,18875509477,1,13,0755,2019,2,9,0,15
1549642500000,11-0006,18875509509,1,13,0755,2019,2,9,0,15
1549642500000,7-0005,18875509515,2,13,0758,2019,2,9,0,15
1549642500000,14-0003,18875509672,1,13,0755,2019,2,9,0,15
1549642500000,20-0002,18875509720,1,13,0755,2019,2,9,0,15
1549642500000,5-0011,18875509749,1,13,0755,2019,2,9,0,15
1549642500000,18-0009,18875509755,1,13,0755,2019,2,9,0,15
1549642500000,11-0007,18875509768,1,13,0755,2019,2,9,0,15
1549642500000,9-0018,18875509794,1,13,0755,2019,2,9,0,15
1549642500000,23-0001,18875509908,3,24,0,2019,2,9,0,15
1549642500000,11-0016,18875509991,1,13,0755,2019,2,9,0,15
