1549726200000,19-0019,18875500026,1,13,0755,2019,2,9,23,30
1549726200000,8-0004,18875500030,1,13,0755,2019,2,9,23,30
1549726200000,14-0002,18875500044,1,13,0755,2019,2,9,23,30
1549726200000,19-0002,18875500046,1,13,0755,2019,2,9,23,30
1549726200000,7-0013,18875500057,1,13,0755,2019,2,9,23,30
1549726200000,8-0011,18875500062,1,13,0755,2019,2,9,23,30
1549726200000,13-0016,18875500069,1,13,0755,2019,2,9,23,30
1549726200000,21-0000,18875500079,1,13,0755,2019,2,9,23,30
1549726200000,22-0016,18875500085,1,13,0755,2019,2,9,23,30
1549726200000,11-0001,18875500095,1,13,0755,2019,2,9,23,30
1549726200000,20-0017,18875500147,1,13,0755,2019,2,9,23,30
1549726200000,18-0017,18875500156,1,13,0755,2019,2,9,23,30
1549726200000,12-0002,18875500161,1,13,0755,2019,2,9,23,30
1549726200000,18-0017,18875500164,1,13,0755,2019,2,9,23,30
1549726200000,14-0016,18875500177,1,13,0755,2019,2,9,23,30
1549726200000,21-0007,18875500180,1,13,0755,2019,2,9,23,30
1549726200000,21-0002,18875500187,1,13,0755,2019,2,9,23,30
1549726200000,13-0002,18875500198,1,13,0755,2019,2,9,23,30
1549726200000,17-0015,18875500206,3,21,0,2019,2,9,23,30
1549726200000,19-0001,18875500211,1,13,0755,2019,2,9,23,30
1549726200000,21-0019,18875500214,2,13,0750,2019,2,9,23,30
1549726200000,17-0008,18875500246,1,13,0755,2019,2,9,23,30
1549726200000,7-0015,18875500256,1,13,0755,2019,2,9,23,30
1549726200000,20-0005,18875500259,1,13,0755,2019,2,9,23,30
1549726200000,9-0010,18875500270,1,13,0755,2019,2,9,23,30
1549726200000,22-0009,18875500285,1,13,0755,2019,2,9,23,30
1549726200000,15-0003,18875500288,1,13,0755,2019,2,9,23,30
1549726200000,16-0008,18875500314,2,13,0750,2019,2,9,23,30
1549726200000,10-0013,18875500329,1,13,0755,2019,2,9,23,30
1549726200000,23-0016,18875500346,1,13,0755,2019,2,9,23,30
1549726200000,9-0016,18875500347,1,13,0755,2019,2,9,23,30
1549726200000,18-0005,18875500353,1,13,0755,2019,2,9,23,30
1549726200000,21-0019,18875500361,1,13,0755,2019,2,9,23,30
1549726200000,9-0011,18875500366,1,13,0755,2019,2,9,23,30
1549726200000,20-0013,18875500381,1,13,0755,2019,2,9,23,30
1549726200000,5-0005,18875500399,1,13,0755,2019,2,9,23,30
1549726200000,4-0011,18875500422,1,13,0755,2019,2,9,23,30
1549726200000,15-0005,18875500426,1,13,0755,2019,2,9,23,30
1549726200000,9-0001,18875500447,1,13,0755,2019,2,9,23,30
1549726200000,24-0002,18875500454,1,13,0755,2019,2,9,23,30
1549726200000,19-0012,18875500462,1,13,0755,2019,2,9,23,30
1549726200000,20-0002,18875500466,1,13,0755,2019,2,9,23,30
1549726200000,22-0001,18875500472,1,13,0755,2019,2,9,23,30
1549726200000,20-0017,18875500528,1,13,0755,2019,2,9,23,30
1549726200000,9-0010,18875500531,1,13,0755,2019,2,9,23,30
1549726200000,22-0006,18875500538,1,13,0755,2019,2,9,23,30
1549726200000,16-0016,18875500539,1,13,0755,2019,2,9,23,30
1549726200000,12-0014,18875500540,1,13,0755,2019,2,9,23,30
1549726200000,11-0006,18875500549,1,13,0755,2019,2,9,23,30
1549726200000,21-0009,18875500552,1,13,0755,2019,2,9,23,30
1549726200000,4-0014,18875500558,1,13,0755,2019,2,9,23,30
1549726200000,16-0008,18875500609,1,13,0755,2019,2,9,23,30
1549726200000,15-0013,18875500625,1,13,0755,2019,2,9,23,30
1549726200000,7-0005,18875500630,1,13,0755,2019,2,9,23,30
1549726200000,20-0018,18875500632,1,13,0755,2019,2,9,23,30
1549726200000,17-0014,18875500652,1,13,0755,2019,2,9,23,30
1549726200000,22-0002,18875500655,1,13,0755,2019,2,9,23,30
1549726200000,14-0008,18875500667,1,13,0755,2019,2,9,23,30
1549726200000,17-0010,18875500669,1,13,0755,2019,2,9,23,30
1549726200000,17-0018,18875500677,1,13,0755,2019,2,9,23,30
1549726200000,24-0014,18875500696,1,13,0755,2019,2,9,23,30
1549726200000,15-0016,18875500711,1,13,0755,2019,2,9,23,30
1549726200000,15-0012,18875500734,1,13,0755,2019,2,9,23,30
1549726200000,24-0002,18875500761,1,13,0755,2019,2,9,23,30
1549726200000,20-0018,18875500782,1,13,0755,2019,2,9,23,30
1549726200000,18-0007,18875500788,1,13,0755,2019,2,9,23,30
1549726200000,7-0017,18875500795,1,13,0755,2019,2,9,23,30
1549726200000,22-0002,18875500802,3,10,0,2019,2,9,23,30
1549726200000,13-0000,18875500815,2,13,0758,2019,2,9,23,30
1549726200000,11-0011,18875500828,1,13,0755,2019,2,9,23,30
1549726200000,23-0009,18875500852,1,13,0755,2019,2,9,23,30
1549726200000,10-0005,18875500862,1,13,0755,2019,2,9,23,30
1549726200000,10-0019,18875500863,1,13,0755,2019,2,9,23,30
1549726200000,24-0005,18875500872,1,13,0755,2019,2,9,23,30
1549726200000,5-0016,18875500873,1,13,0755,2019,2,9,23,30
1549726200000,18-0017,18875500877,1,13,0755,2019,2,9,23,30
1549726200000,14-0001,18875500898,1,13,0755,2019,2,9,23,30
1549726200000,23-0009,18875500917,2,13,0752,2019,2,9,23,30
1549726200000,19-0019,18875500918,2,13,0757,2019,2,9,23,30
1549726200000,17-0016,18875500972,1,13,0755,2019,2,9,23,30
1549726200000,24-0015,18875500994,1,13,0755,2019,2,9,23,30
1549726200000,7-0002,18875501002,3,10,0,2019,2,9,23,30
1549726200000,4-0012,18875501013,2,13,020,2019,2,9,23,30
1549726200000,6-0006,18875501027,1,13,0755,2019,2,9,23,30
1549726200000,10-0010,18875501033,1,13,0755,2019,2,9,23,30
1549726200000,6-0018,18875501039,1,13,0755,2019,2,9,23,30
1549726200000,12-0004,18875501048,1,13,0755,2019,2,9,23,30
1549726200000,4-0015,18875501053,1,13,0755,2019,2,9,23,30
1549726200000,9-0001,18875501055,1,13,0755,2019,2,9,23,30
1549726200000,12-0000,18875501070,1,13,0755,2019,2,9,23,30
1549726200000,11-0007,18875501084,1,13,0755,2019,2,9,23,30
1549726200000,17-0000,18875501088,1,13,0755,2019,2,9,23,30
1549726200000,12-0017,18875501091,1,13,0755,2019,2,9,23,30
1549726200000,17-0007,18875501096,1,13,0755,2019,2,9,23,30
1549726200000,7-0018,18875501127,1,13,0755,2019,2,9,23,30
1549726200000,14-0014,18875501132,1,13,0755,2019,2,9,23,30
1549726200000,5-0016,18875501134,1,13,0755,2019,2,9,23,30
1549726200000,4-0017,18875501142,1,13,0755,2019,2,9,23,30
1549726200000,4-0018,18875501154,1,13,0755,2019,2,9,23,30
1549726200000,22-0011,18875501177,1,13,0755,2019,2,9,23,30
1549726200000,21-0016,18875501184,1,13,0755,2019,2,9,23,30
1549726200000,22-0002,18875501186,1,13,0755,2019,2,9,23,30
1549726200000,17-0014,18875501191,1,13,0755,2019,2,9,23,30
1549726200000,5-0003,18875501207,3,22,0,2019,2,9,23,30
1549726200000,14-0000,18875501208,3,24,0,2019,2,9,23,30
1549726200000,20-0019,18875501215,2,13,0758,2019,2,9,23,30
1549726200000,4-0006,18875501225,1,13,0755,2019,2,9,23,30
1549726200000,4-0007,18875501264,1,13,0755,2019,2,9,23,30
1549726200000,12-0017,18875501267,1,13,0755,2019,2,9,23,30
1549726200000,4-0008,18875501301,4,0,0,2019,2,9,23,30
1549726200000,23-0013,18875501308,3,24,0,2019,2,9,23,30
1549726200000,5-0012,18875501311,1,13,0755,2019,2,9,23,30
1549726200000,8-0006,18875501314,2,13,0750,2019,2,9,23,30
1549726200000,14-0009,18875501323,1,13,0755,2019,2,9,23,30
1549726200000,22-0018,18875501351,1,13,0755,2019,2,9,23,30
1549726200000,23-0013,18875501361,1,13,0755,2019,2,9,23,30
1549726200000,19-0000,18875501375,1,13,0755,2019,2,9,23,30
1549726200000,7-0019,18875501376,1,13,0755,2019,2,9,23,30
1549726200000,13-0000,18875501397,1,13,0755,2019,2,9,23,30
1549726200000,12-0010,18875501402,3,10,0,2019,2,9,23,30
1549726200000,12-0002,18875501420,1,13,0755,2019,2,9,23,30
1549726200000,24-0014,18875501442,1,13,0755,2019,2,9,23,30
1549726200000,21-0002,18875501450,0,0,0,2019,2,9,23,30
1549726200000,10-0003,18875501452,1,13,0755,2019,2,9,23,30
1549726200000,22-0019,18875501460,1,13,0755,2019,2,9,23,30
1549726200000,15-0001,18875501476,1,13,0755,2019,2,9,23,30
1549726200000,12-0009,18875501507,3,22,0,2019,2,9,23,30
1549726200000,23-0016,18875501525,1,13,0755,2019,2,9,23,30
1549726200000,22-0011,18875501534,1,13,0755,2019,2,9,23,30
1549726200000,4-0006,18875501545,1,13,0755,2019,2,9,23,30
1549726200000,24-0014,18875501550,0,0,0,2019,2,9,23,30
1549726200000,20-0008,18875501585,1,13,0755,2019,2,9,23,30
1549726200000,10-0014,18875501588,1,13,0755,2019,2,9,23,30
1549726200000,11-0009,18875501605,3,14,0,2019,2,9,23,30
1549726200000,16-0007,18875501623,1,13,0755,2019,2,9,23,30
1549726200000,11-0006,18875501628,1,13,0755,2019,2,9,23,30
1549726200000,22-0010,18875501632,1,13,0755,2019,2,9,23,30
1549726200000,9-0008,18875501637,1,13,0755,2019,2,9,23,30
1549726200000,23-0003,18875501647,1,13,0755,2019,2,9,23,30
1549726200000,23-0016,18875501651,1,13,0755,2019,2,9,23,30
1549726200000,22-0005,18875501734,1,13,0755,2019,2,9,23,30
1549726200000,5-0003,18875501736,1,13,0755,2019,2,9,23,30
1549726200000,13-0010,18875501766,1,13,0755,2019,2,9,23,30
1549726200000,11-0013,18875501776,1,13,0755,2019,2,9,23,30
1549726200000,16-0015,18875501786,1,13,0755,2019,2,9,23,30
1549726200000,5-0008,18875501865,1,13,0755,2019,2,9,23,30
1549726200000,5-0006,18875501870,1,13,0755,2019,2,9,23,30
1549726200000,14-0008,18875501872,1,13,0755,2019,2,9,23,30
1549726200000,8-0009,18875501887,1,13,0755,2019,2,9,23,30
1549726200000,11-0010,18875501917,2,13,0752,2019,2,9,23,30
1549726200000,10-0012,18875501927,1,13,0755,2019,2,9,23,30
1549726200000,6-0011,18875501943,1,13,0755,2019,2,9,23,30
1549726200000,7-0019,18875501945,1,13,0755,2019,2,9,23,30
1549726200000,20-0010,18875501954,1,13,0755,2019,2,9,23,30
1549726200000,20-0009,18875501962,1,13,0755,2019,2,9,23,30
1549726200000,18-0010,18875501971,1,13,0755,2019,2,9,23,30
1549726200000,21-0010,18875501996,1,13,0755,2019,2,9,23,30
1549726200000,22-0005,18875502000,1,13,0755,2019,2,9,23,30
1549726200000,9-0016,18875502005,3,14,0,2019,2,9,23,30
1549726200000,8-0018,18875502029,1,13,0755,2019,2,9,23,30
1549726200000,4-0012,18875502042,1,13,0755,2019,2,9,23,30
1549726200000,19-0008,18875502056,1,13,0755,2019,2,9,23,30
1549726200000,10-0002,18875502059,1,13,0755,2019,2,9,23,30
1549726200000,5-0006,18875502092,1,13,0755,2019,2,9,23,30
1549726200000,20-0015,18875502098,1,13,0755,2019,2,9,23,30
1549726200000,22-0005,18875502148,1,13,0755,2019,2,9,23,30
1549726200000,23-0015,18875502156,1,13,0755,2019,2,9,23,30
1549726200000,9-0016,18875502161,1,13,0755,2019,2,9,23,30
1549726200000,13-0016,18875502182,1,13,0755,2019,2,9,23,30
1549726200000,4-0013,18875502206,3,21,0,2019,2,9,23,30
1549726200000,11-0011,18875502223,1,13,0755,2019,2,9,23,30
1549726200000,18-0006,18875502233,1,13,0755,2019,2,9,23,30
1549726200000,6-0003,18875502268,1,13,0755,2019,2,9,23,30
1549726200000,5-0006,18875502290,1,13,0755,2019,2,9,23,30
1549726200000,17-0017,18875502291,1,13,0755,2019,2,9,23,30
1549726200000,17-0015,18875502292,1,13,0755,2019,2,9,23,30
1549726200000,12-0006,18875502300,1,13,0755,2019,2,9,23,30
1549726200000,17-0009,18875502317,2,13,0752,2019,2,9,23,30
1549726200000,13-0016,18875502322,1,13,0755,2019,2,9,23,30
1549726200000,22-0004,18875502338,1,13,0755,2019,2,9,23,30
1549726200000,11-0007,18875502353,1,13,0755,2019,2,9,23,30
1549726200000,8-0012,18875502377,1,13,0755,2019,2,9,23,30
1549726200000,14-0007,18875502402,3,10,0,2019,2,9,23,30
1549726200000,4-0009,18875502414,2,13,0750,2019,2,9,23,30
1549726200000,11-0006,18875502415,2,13,0758,2019,2,9,23,30
1549726200000,11-0001,18875502416,2,13,0753,2019,2,9,23,30
1549726200000,10-0009,18875502439,1,13,0755,2019,2,9,23,30
1549726200000,4-0005,18875502443,1,13,0755,2019,2,9,23,30
1549726200000,5-0013,18875502445,1,13,0755,2019,2,9,23,30
1549726200000,8-0002,18875502448,1,13,0755,2019,2,9,23,30
1549726200000,14-0014,18875502450,0,0,0,2019,2,9,23,30
1549726200000,17-0003,18875502456,1,13,0755,2019,2,9,23,30
1549726200000,12-0001,18875502473,1,13,0755,2019,2,9,23,30
1549726200000,16-0012,18875502482,1,13,0755,2019,2,9,23,30
1549726200000,8-0015,18875502491,1,13,0755,2019,2,9,23,30
1549726200000,5-0006,18875502507,3,22,0,2019,2,9,23,30
1549726200000,19-0012,18875502510,1,13,0755,2019,2,9,23,30
1549726200000,24-0016,18875502513,2,13,020,2019,2,9,23,30
1549726200000,22-0008,18875502518,2,13,0757,2019,2,9,23,30
1549726200000,9-0015,18875502527,1,13,0755,2019,2,9,23,30
1549726200000,14-0011,18875502559,1,13,0755,2019,2,9,23,30
1549726200000,17-0016,18875502560,1,13,0755,2019,2,9,23,30
1549726200000,22-0011,18875502571,1,13,0755,2019,2,9,23,30
1549726200000,23-0006,18875502586,1,13,0755,2019,2,9,23,30
1549726200000,8-0013,18875502621,1,13,0755,2019,2,9,23,30
1549726200000,5-0012,18875502622,1,13,0755,2019,2,9,23,30
1549726200000,18-0003,18875502624,1,13,0755,2019,2,9,23,30
1549726200000,22-0001,18875502639,1,13,0755,2019,2,9,23,30
1549726200000,22-0012,18875502653,1,13,0755,2019,2,9,23,30
1549726200000,18-0015,18875502664,1,13,0755,2019,2,9,23,30
1549726200000,12-0008,18875502692,1,13,0755,2019,2,9,23,30
1549726200000,8-0000,18875502698,1,13,0755,2019,2,9,23,30
1549726200000,21-0008,18875502699,1,13,0755,2019,2,9,23,30
1549726200000,23-0015,18875502720,1,13,0755,2019,2,9,23,30
1549726200000,18-0014,18875502725,1,13,0755,2019,2,9,23,30
1549726200000,23-0015,18875502727,1,13,0755,2019,2,9,23,30
1549726200000,7-0017,18875502731,1,13,0755,2019,2,9,23,30
1549726200000,10-0014,18875502739,1,13,0755,2019,2,9,23,30
1549726200000,16-0006,18875502749,1,13,0755,2019,2,9,23,30
1549726200000,19-0016,18875502752,1,13,0755,2019,2,9,23,30
1549726200000,24-0004,18875502755,1,13,0755,2019,2,9,23,30
1549726200000,8-0013,18875502762,1,13,0755,2019,2,9,23,30
1549726200000,19-0005,18875502765,1,13,0755,2019,2,9,23,30
1549726200000,23-0005,18875502797,1,13,0755,2019,2,9,23,30
1549726200000,12-0000,18875502825,1,13,0755,2019,2,9,23,30
1549726200000,15-0013,18875502833,1,13,0755,2019,2,9,23,30
1549726200000,14-0019,18875502849,1,13,0755,2019,2,9,23,30
1549726200000,22-0012,18875502850,0,0,0,2019,2,9,23,30
1549726200000,19-0005,18875502857,1,13,0755,2019,2,9,23,30
1549726200000,14-0006,18875502861,1,13,0755,2019,2,9,23,30
1549726200000,15-0013,18875502864,1,13,0755,2019,2,9,23,30
1549726200000,18-0019,18875502877,1,13,0755,2019,2,9,23,30
1549726200000,8-0003,18875502884,1,13,0755,2019,2,9,23,30
1549726200000,14-0002,18875502889,1,13,0755,2019,2,9,23,30
1549726200000,15-0007,18875502898,1,13,0755,2019,2,9,23,30
1549726200000,22-0007,18875502913,2,13,020,2019,2,9,23,30
1549726200000,17-0019,18875502927,1,13,0755,2019,2,9,23,30
1549726200000,22-0009,18875502928,1,13,0755,2019,2,9,23,30
1549726200000,12-0017,18875502930,1,13,0755,2019,2,9,23,30
1549726200000,10-0000,18875502949,1,13,0755,2019,2,9,23,30
1549726200000,7-0010,18875502955,1,13,0755,2019,2,9,23,30
1549726200000,23-0009,18875502961,1,13,0755,2019,2,9,23,30
1549726200000,10-0015,18875502963,1,13,0755,2019,2,9,23,30
1549726200000,13-0013,18875502966,1,13,0755,2019,2,9,23,30
1549726200000,19-0014,18875502978,1,13,0755,2019,2,9,23,30
1549726200000,17-0015,18875502988,1,13,0755,2019,2,9,23,30
1549726200000,6-0002,18875502991,1,13,0755,2019,2,9,23,30
1549726200000,8-0019,18875503029,1,13,0755,2019,2,9,23,30
1549726200000,21-0008,18875503034,1,13,0755,2019,2,9,23,30
1549726200000,5-0008,18875503050,0,0,0,2019,2,9,23,30
1549726200000,15-0015,18875503071,1,13,0755,2019,2,9,23,30
1549726200000,14-0010,18875503089,1,13,0755,2019,2,9,23,30
1549726200000,12-0012,18875503091,1,13,0755,2019,2,9,23,30
1549726200000,12-0019,18875503095,1,13,0755,2019,2,9,23,30
1549726200000,12-0004,18875503104,3,12,0,2019,2,9,23,30
1549726200000,19-0005,18875503107,3,22,0,2019,2,9,23,30
1549726200000,22-0008,18875503121,1,13,0755,2019,2,9,23,30
1549726200000,16-0005,18875503130,1,13,0755,2019,2,9,23,30
1549726200000,12-0009,18875503174,1,13,0755,2019,2,9,23,30
1549726200000,11-0019,18875503219,1,13,0755,2019,2,9,23,30
1549726200000,17-0001,18875503225,1,13,0755,2019,2,9,23,30
1549726200000,24-0019,18875503228,1,13,0755,2019,2,9,23,30
1549726200000,9-0013,18875503235,1,13,0755,2019,2,9,23,30
1549726200000,18-0001,18875503275,1,13,0755,2019,2,9,23,30
1549726200000,9-0015,18875503280,1,13,0755,2019,2,9,23,30
1549726200000,5-0013,18875503291,1,13,0755,2019,2,9,23,30
1549726200000,11-0011,18875503306,3,21,0,2019,2,9,23,30
1549726200000,21-0009,18875503327,1,13,0755,2019,2,9,23,30
1549726200000,24-0008,18875503330,1,13,0755,2019,2,9,23,30
1549726200000,16-0015,18875503336,1,13,0755,2019,2,9,23,30
1549726200000,9-0001,18875503345,1,13,0755,2019,2,9,23,30
1549726200000,21-0001,18875503359,1,13,0755,2019,2,9,23,30
1549726200000,5-0015,18875503362,1,13,0755,2019,2,9,23,30
1549726200000,24-0008,18875503381,1,13,0755,2019,2,9,23,30
1549726200000,15-0019,18875503384,1,13,0755,2019,2,9,23,30
1549726200000,7-0008,18875503422,1,13,0755,2019,2,9,23,30
1549726200000,6-0001,18875503425,1,13,0755,2019,2,9,23,30
1549726200000,6-0009,18875503438,1,13,0755,2019,2,9,23,30
1549726200000,21-0002,18875503447,1,13,0755,2019,2,9,23,30
1549726200000,14-0016,18875503450,0,0,0,2019,2,9,23,30
1549726200000,19-0017,18875503489,1,13,0755,2019,2,9,23,30
1549726200000,11-0018,18875503557,1,13,0755,2019,2,9,23,30
1549726200000,13-0002,18875503576,1,13,0755,2019,2,9,23,30
1549726200000,4-0003,18875503590,1,13,0755,2019,2,9,23,30
1549726200000,8-0011,18875503618,2,13,0757,2019,2,9,23,30
1549726200000,19-0013,18875503623,1,13,0755,2019,2,9,23,30
1549726200000,10-0015,18875503630,1,13,0755,2019,2,9,23,30
1549726200000,5-0002,18875503633,1,13,0755,2019,2,9,23,30
1549726200000,10-0019,18875503642,1,13,0755,2019,2,9,23,30
1549726200000,20-0012,18875503643,1,13,0755,2019,2,9,23,30
1549726200000,21-0000,18875503650,0,0,0,2019,2,9,23,30
1549726200000,11-0008,18875503665,1,13,0755,2019,2,9,23,30
1549726200000,15-0004,18875503704,3,12,0,2019,2,9,23,30
1549726200000,5-0017,18875503706,3,21,0,2019,2,9,23,30
1549726200000,22-0011,18875503731,1,13,0755,2019,2,9,23,30
1549726200000,19-0005,18875503735,1,13,0755,2019,2,9,23,30
1549726200000,5-0008,18875503749,1,13,0755,2019,2,9,23,30
1549726200000,18-0016,18875503765,1,13,0755,2019,2,9,23,30
1549726200000,21-0019,18875503766,1,13,0755,2019,2,9,23,30
1549726200000,19-0003,18875503770,1,13,0755,2019,2,9,23,30
1549726200000,10-0001,18875503786,1,13,0755,2019,2,9,23,30
1549726200000,17-0012,18875503808,3,24,0,2019,2,9,23,30
1549726200000,14-0003,18875503832,1,13,0755,2019,2,9,23,30
1549726200000,8-0003,18875503834,1,13,0755,2019,2,9,23,30
1549726200000,17-0015,18875503855,1,13,0755,2019,2,9,23,30
1549726200000,23-0017,18875503857,1,13,0755,2019,2,9,23,30
1549726200000,13-0017,18875503885,1,13,0755,2019,2,9,23,30
1549726200000,21-0004,18875503901,4,0,0,2019,2,9,23,30
1549726200000,12-0000,18875503924,1,13,0755,2019,2,9,23,30
1549726200000,24-0003,18875503925,1,13,0755,2019,2,9,23,30
1549726200000,16-0001,18875503926,1,13,0755,2019,2,9,23,30
1549726200000,7-0002,18875503930,1,13,0755,2019,2,9,23,30
1549726200000,13-0000,18875503933,1,13,0755,2019,2,9,23,30
1549726200000,5-0017,18875503986,1,13,0755,2019,2,9,23,30
1549726200000,7-0016,18875504000,1,13,0755,2019,2,9,23,30
1549726200000,17-0010,18875504001,4,0,0,2019,2,9,23,30
1549726200000,11-0019,18875504013,2,13,020,2019,2,9,23,30
1549726200000,15-0016,18875504023,1,13,0755,2019,2,9,23,30
1549726200000,13-0001,18875504072,1,13,0755,2019,2,9,23,30
1549726200000,19-0014,18875504075,1,13,0755,2019,2,9,23,30
1549726200000,12-0016,18875504077,1,13,0755,2019,2,9,23,30
1549726200000,22-0012,18875504087,1,13,0755,2019,2,9,23,30
1549726200000,16-0004,18875504092,1,13,0755,2019,2,9,23,30
1549726200000,5-0000,18875504096,1,13,0755,2019,2,9,23,30
1549726200000,15-0003,18875504105,3,14,0,2019,2,9,23,30
1549726200000,8-0010,18875504106,3,21,0,2019,2,9,23,30
1549726200000,23-0006,18875504136,1,13,0755,2019,2,9,23,30
1549726200000,23-0000,18875504137,1,13,0755,2019,2,9,23,30
1549726200000,23-0002,18875504139,1,13,0755,2019,2,9,23,30
1549726200000,16-0018,18875504151,1,13,0755,2019,2,9,23,30
1549726200000,19-0004,18875504233,1,13,0755,2019,2,9,23,30
1549726200000,12-0000,18875504241,1,13,0755,2019,2,9,23,30
1549726200000,7-0001,18875504244,1,13,0755,2019,2,9,23,30
1549726200000,22-0017,18875504248,1,13,0755,2019,2,9,23,30
1549726200000,4-0005,18875504256,1,13,0755,2019,2,9,23,30
1549726200000,15-0007,18875504270,1,13,0755,2019,2,9,23,30
1549726200000,17-0001,18875504276,1,13,0755,2019,2,9,23,30
1549726200000,13-0019,18875504277,1,13,0755,2019,2,9,23,30
1549726200000,4-0004,18875504279,1,13,0755,2019,2,9,23,30
1549726200000,10-0012,18875504292,1,13,0755,2019,2,9,23,30
1549726200000,17-0010,18875504296,1,13,0755,2019,2,9,23,30
1549726200000,9-0004,18875504307,3,22,0,2019,2,9,23,30
1549726200000,14-0017,18875504308,3,24,0,2019,2,9,23,30
1549726200000,5-0017,18875504313,2,13,020,2019,2,9,23,30
1549726200000,15-0010,18875504314,2,13,0750,2019,2,9,23,30
1549726200000,7-0018,18875504317,2,13,0752,2019,2,9,23,30
1549726200000,11-0008,18875504333,1,13,0755,2019,2,9,23,30
1549726200000,10-0013,18875504357,1,13,0755,2019,2,9,23,30
1549726200000,11-0012,18875504362,1,13,0755,2019,2,9,23,30
1549726200000,10-0010,18875504364,1,13,0755,2019,2,9,23,30
1549726200000,17-0003,18875504390,1,13,0755,2019,2,9,23,30
1549726200000,10-0010,18875504406,3,21,0,2019,2,9,23,30
1549726200000,14-0008,18875504407,3,22,0,2019,2,9,23,30
1549726200000,4-0012,18875504411,1,13,0755,2019,2,9,23,30
1549726200000,8-0000,18875504420,1,13,0755,2019,2,9,23,30
1549726200000,4-0008,18875504438,1,13,0755,2019,2,9,23,30
1549726200000,13-0003,18875504459,1,13,0755,2019,2,9,23,30
1549726200000,11-0013,18875504463,1,13,0755,2019,2,9,23,30
1549726200000,20-0008,18875504468,1,13,0755,2019,2,9,23,30
1549726200000,18-0017,18875504541,1,13,0755,2019,2,9,23,30
1549726200000,11-0016,18875504553,1,13,0755,2019,2,9,23,30
1549726200000,5-0008,18875504556,1,13,0755,2019,2,9,23,30
1549726200000,10-0010,18875504566,1,13,0755,2019,2,9,23,30
1549726200000,9-0006,18875504580,1,13,0755,2019,2,9,23,30
1549726200000,4-0009,18875504585,1,13,0755,2019,2,9,23,30
1549726200000,17-0008,18875504586,1,13,0755,2019,2,9,23,30
1549726200000,18-0005,18875504590,1,13,0755,2019,2,9,23,30
1549726200000,5-0018,18875504596,1,13,0755,2019,2,9,23,30
1549726200000,4-0011,18875504599,1,13,0755,2019,2,9,23,30
1549726200000,24-0003,18875504604,3,12,0,2019,2,9,23,30
1549726200000,10-0007,18875504609,1,13,0755,2019,2,9,23,30
1549726200000,8-0008,18875504617,2,13,0752,2019,2,9,23,30
1549726200000,9-0019,18875504620,1,13,0755,2019,2,9,23,30
1549726200000,9-0019,18875504622,1,13,0755,2019,2,9,23,30
1549726200000,4-0019,18875504635,1,13,0755,2019,2,9,23,30
1549726200000,13-0006,18875504639,1,13,0755,2019,2,9,23,30
1549726200000,12-0009,18875504642,1,13,0755,2019,2,9,23,30
1549726200000,15-0019,18875504661,1,13,0755,2019,2,9,23,30
1549726200000,10-0009,18875504700,1,13,0755,2019,2,9,23,30
1549726200000,23-0017,18875504712,1,13,0755,2019,2,9,23,30
1549726200000,23-0019,18875504713,2,13,020,2019,2,9,23,30
1549726200000,18-0007,18875504716,2,13,0753,2019,2,9,23,30
1549726200000,14-0001,18875504719,1,13,0755,2019,2,9,23,30
1549726200000,15-0001,18875504721,1,13,0755,2019,2,9,23,30
1549726200000,17-0017,18875504731,1,13,0755,2019,2,9,23,30
1549726200000,11-0006,18875504732,1,13,0755,2019,2,9,23,30
1549726200000,23-0014,18875504735,1,13,0755,2019,2,9,23,30
1549726200000,22-0006,18875504755,1,13,0755,2019,2,9,23,30
1549726200000,17-0013,18875504767,1,13,0755,2019,2,9,23,30
1549726200000,21-0014,18875504771,1,13,0755,2019,2,9,23,30
1549726200000,4-0019,18875504787,1,13,0755,2019,2,9,23,30
1549726200000,16-0009,18875504794,1,13,0755,2019,2,9,23,30
1549726200000,18-0007,18875504795,1,13,0755,2019,2,9,23,30
1549726200000,20-0018,18875504804,3,12,0,2019,2,9,23,30
1549726200000,4-0013,18875504810,1,13,0755,2019,2,9,23,30
1549726200000,18-0011,18875504812,1,13,0755,2019,2,9,23,30
1549726200000,16-0007,18875504817,2,13,0752,2019,2,9,23,30
1549726200000,22-0002,18875504819,1,13,0755,2019,2,9,23,30
1549726200000,20-0001,18875504839,1,13,0755,2019,2,9,23,30
1549726200000,14-0013,18875504840,1,13,0755,2019,2,9,23,30
1549726200000,21-0011,18875504841,1,13,0755,2019,2,9,23,30
1549726200000,15-0007,18875504844,1,13,0755,2019,2,9,23,30
1549726200000,22-0017,18875504847,1,13,0755,2019,2,9,23,30
1549726200000,6-0018,18875504848,1,13,0755,2019,2,9,23,30
1549726200000,12-0002,18875504850,0,0,0,2019,2,9,23,30
1549726200000,11-0011,18875504859,1,13,0755,2019,2,9,23,30
1549726200000,16-0009,18875504925,1,13,0755,2019,2,9,23,30
1549726200000,11-0006,18875504928,1,13,0755,2019,2,9,23,30
1549726200000,14-0011,18875504936,1,13,0755,2019,2,9,23,30
1549726200000,16-0010,18875504945,1,13,0755,2019,2,9,23,30
1549726200000,17-0018,18875504953,1,13,0755,2019,2,9,23,30
1549726200000,23-0008,18875504959,1,13,0755,2019,2,9,23,30
1549726200000,6-0018,18875504964,1,13,0755,2019,2,9,23,30
1549726200000,5-0014,18875504969,1,13,0755,2019,2,9,23,30
1549726200000,9-0017,18875504974,1,13,0755,2019,2,9,23,30
1549726200000,8-0014,18875504985,1,13,0755,2019,2,9,23,30
1549726200000,16-0010,18875504986,1,13,0755,2019,2,9,23,30
1549726200000,14-0005,18875505021,1,13,0755,2019,2,9,23,30
1549726200000,22-0005,18875505038,1,13,0755,2019,2,9,23,30
1549726200000,22-0003,18875505042,1,13,0755,2019,2,9,23,30
1549726200000,16-0006,18875505057,1,13,0755,2019,2,9,23,30
1549726200000,19-0010,18875505059,1,13,0755,2019,2,9,23,30
1549726200000,11-0007,18875505062,1,13,0755,2019,2,9,23,30
1549726200000,19-0003,18875505064,1,13,0755,2019,2,9,23,30
1549726200000,16-0001,18875505103,3,11,0,2019,2,9,23,30
1549726200000,9-0008,18875505126,1,13,0755,2019,2,9,23,30
1549726200000,4-0017,18875505145,1,13,0755,2019,2,9,23,30
1549726200000,5-0018,18875505155,1,13,0755,2019,2,9,23,30
1549726200000,20-0008,18875505156,1,13,0755,2019,2,9,23,30
1549726200000,22-0009,18875505168,1,13,0755,2019,2,9,23,30
1549726200000,17-0012,18875505175,1,13,0755,2019,2,9,23,30
1549726200000,18-0003,18875505177,1,13,0755,2019,2,9,23,30
1549726200000,10-0004,18875505219,1,13,0755,2019,2,9,23,30
1549726200000,10-0015,18875505241,1,13,0755,2019,2,9,23,30
1549726200000,18-0019,18875505243,1,13,0755,2019,2,9,23,30
1549726200000,11-0008,18875505269,1,13,0755,2019,2,9,23,30
1549726200000,13-0006,18875505303,3,11,0,2019,2,9,23,30
1549726200000,6-0017,18875505307,3,22,0,2019,2,9,23,30
1549726200000,6-0002,18875505330,1,13,0755,2019,2,9,23,30
1549726200000,20-0009,18875505352,1,13,0755,2019,2,9,23,30
1549726200000,20-0016,18875505356,1,13,0755,2019,2,9,23,30
1549726200000,13-0006,18875505375,1,13,0755,2019,2,9,23,30
1549726200000,16-0003,18875505378,1,13,0755,2019,2,9,23,30
1549726200000,4-0013,18875505391,1,13,0755,2019,2,9,23,30
1549726200000,14-0000,18875505402,3,10,0,2019,2,9,23,30
1549726200000,21-0007,18875505404,3,12,0,2019,2,9,23,30
1549726200000,10-0011,18875505405,3,14,0,2019,2,9,23,30
1549726200000,10-0012,18875505415,2,13,0758,2019,2,9,23,30
1549726200000,20-0014,18875505419,1,13,0755,2019,2,9,23,30
1549726200000,17-0004,18875505422,1,13,0755,2019,2,9,23,30
1549726200000,8-0004,18875505429,1,13,0755,2019,2,9,23,30
1549726200000,24-0006,18875505432,1,13,0755,2019,2,9,23,30
1549726200000,24-0006,18875505440,1,13,0755,2019,2,9,23,30
1549726200000,12-0017,18875505445,1,13,0755,2019,2,9,23,30
1549726200000,6-0019,18875505450,0,0,0,2019,2,9,23,30
1549726200000,5-0006,18875505451,1,13,0755,2019,2,9,23,30
1549726200000,12-0016,18875505480,1,13,0755,2019,2,9,23,30
1549726200000,9-0011,18875505503,3,11,0,2019,2,9,23,30
1549726200000,18-0018,18875505506,3,21,0,2019,2,9,23,30
1549726200000,9-0011,18875505510,1,13,0755,2019,2,9,23,30
1549726200000,23-0015,18875505512,1,13,0755,2019,2,9,23,30
1549726200000,22-0000,18875505544,1,13,0755,2019,2,9,23,30
1549726200000,15-0004,18875505553,1,13,0755,2019,2,9,23,30
1549726200000,22-0016,18875505558,1,13,0755,2019,2,9,23,30
1549726200000,10-0015,18875505560,1,13,0755,2019,2,9,23,30
1549726200000,22-0003,18875505567,1,13,0755,2019,2,9,23,30
1549726200000,5-0016,18875505570,1,13,0755,2019,2,9,23,30
1549726200000,14-0009,18875505612,1,13,0755,2019,2,9,23,30
1549726200000,11-0006,18875505614,2,13,0750,2019,2,9,23,30
1549726200000,19-0013,18875505620,1,13,0755,2019,2,9,23,30
1549726200000,10-0006,18875505627,1,13,0755,2019,2,9,23,30
1549726200000,19-0017,18875505631,1,13,0755,2019,2,9,23,30
1549726200000,6-0019,18875505634,1,13,0755,2019,2,9,23,30
1549726200000,4-0009,18875505637,1,13,0755,2019,2,9,23,30
1549726200000,6-0013,18875505648,1,13,0755,2019,2,9,23,30
1549726200000,6-0016,18875505668,1,13,0755,2019,2,9,23,30
1549726200000,20-0018,18875505669,1,13,0755,2019,2,9,23,30
1549726200000,10-0007,18875505680,1,13,0755,2019,2,9,23,30
1549726200000,8-0011,18875505688,1,13,0755,2019,2,9,23,30
1549726200000,21-0004,18875505692,1,13,0755,2019,2,9,23,30
1549726200000,17-0001,18875505694,1,13,0755,2019,2,9,23,30
1549726200000,20-0016,18875505697,1,13,0755,2019,2,9,23,30
1549726200000,16-0009,18875505710,1,13,0755,2019,2,9,23,30
1549726200000,7-0009,18875505728,1,13,0755,2019,2,9,23,30
1549726200000,24-0001,18875505741,1,13,0755,2019,2,9,23,30
1549726200000,11-0003,18875505746,1,13,0755,2019,2,9,23,30
1549726200000,5-0015,18875505762,1,13,0755,2019,2,9,23,30
1549726200000,23-0010,18875505765,1,13,0755,2019,2,9,23,30
1549726200000,11-0018,18875505767,1,13,0755,2019,2,9,23,30
1549726200000,20-0016,18875505776,1,13,0755,2019,2,9,23,30
1549726200000,12-0014,18875505779,1,13,0755,2019,2,9,23,30
1549726200000,9-0007,18875505787,1,13,0755,2019,2,9,23,30
1549726200000,16-0017,18875505805,3,14,0,2019,2,9,23,30
1549726200000,15-0015,18875505812,1,13,0755,2019,2,9,23,30
1549726200000,4-0013,18875505822,1,13,0755,2019,2,9,23,30
1549726200000,13-0005,18875505853,1,13,0755,2019,2,9,23,30
1549726200000,19-0009,18875505875,1,13,0755,2019,2,9,23,30
1549726200000,21-0013,18875505880,1,13,0755,2019,2,9,23,30
1549726200000,14-0005,18875505886,1,13,0755,2019,2,9,23,30
1549726200000,9-0013,18875505907,3,22,0,2019,2,9,23,30
1549726200000,24-0018,18875505917,2,13,0752,2019,2,9,23,30
1549726200000,12-0007,18875505923,1,13,0755,2019,2,9,23,30
1549726200000,19-0010,18875505929,1,13,0755,2019,2,9,23,30
1549726200000,23-0018,18875505940,1,13,0755,2019,2,9,23,30
1549726200000,11-0008,18875505952,1,13,0755,2019,2,9,23,30
1549726200000,24-0012,18875506010,1,13,0755,2019,2,9,23,30
1549726200000,5-0017,18875506012,1,13,0755,2019,2,9,23,30
1549726200000,15-0006,18875506019,1,13,0755,2019,2,9,23,30
1549726200000,16-0011,18875506034,1,13,0755,2019,2,9,23,30
1549726200000,5-0000,18875506041,1,13,0755,2019,2,9,23,30
1549726200000,17-0007,18875506042,1,13,0755,2019,2,9,23,30
1549726200000,24-0009,18875506069,1,13,0755,2019,2,9,23,30
1549726200000,14-0004,18875506074,1,13,0755,2019,2,9,23,30
1549726200000,20-0007,18875506102,3,10,0,2019,2,9,23,30
1549726200000,16-0000,18875506110,1,13,0755,2019,2,9,23,30
1549726200000,5-0015,18875506114,2,13,0750,2019,2,9,23,30
1549726200000,11-0019,18875506121,1,13,0755,2019,2,9,23,30
1549726200000,16-0002,18875506131,1,13,0755,2019,2,9,23,30
1549726200000,7-0003,18875506159,1,13,0755,2019,2,9,23,30
1549726200000,6-0007,18875506174,1,13,0755,2019,2,9,23,30
1549726200000,5-0000,18875506180,1,13,0755,2019,2,9,23,30
1549726200000,18-0013,18875506193,1,13,0755,2019,2,9,23,30
1549726200000,23-0017,18875506204,3,12,0,2019,2,9,23,30
1549726200000,23-0008,18875506223,1,13,0755,2019,2,9,23,30
1549726200000,16-0007,18875506245,1,13,0755,2019,2,9,23,30
1549726200000,8-0000,18875506264,1,13,0755,2019,2,9,23,30
1549726200000,11-0011,18875506280,1,13,0755,2019,2,9,23,30
1549726200000,12-0001,18875506282,1,13,0755,2019,2,9,23,30
1549726200000,17-0003,18875506285,1,13,0755,2019,2,9,23,30
1549726200000,24-0019,18875506299,1,13,0755,2019,2,9,23,30
1549726200000,22-0006,18875506304,3,12,0,2019,2,9,23,30
1549726200000,16-0002,18875506309,1,13,0755,2019,2,9,23,30
1549726200000,17-0009,18875506310,1,13,0755,2019,2,9,23,30
1549726200000,22-0018,18875506326,1,13,0755,2019,2,9,23,30
1549726200000,5-0008,18875506344,1,13,0755,2019,2,9,23,30
1549726200000,20-0015,18875506351,1,13,0755,2019,2,9,23,30
1549726200000,11-0001,18875506353,1,13,0755,2019,2,9,23,30
1549726200000,13-0005,18875506358,1,13,0755,2019,2,9,23,30
1549726200000,17-0010,18875506385,1,13,0755,2019,2,9,23,30
1549726200000,23-0010,18875506388,1,13,0755,2019,2,9,23,30
1549726200000,18-0015,18875506393,1,13,0755,2019,2,9,23,30
1549726200000,17-0013,18875506394,1,13,0755,2019,2,9,23,30
1549726200000,13-0018,18875506417,2,13,0752,2019,2,9,23,30
1549726200000,24-0008,18875506443,1,13,0755,2019,2,9,23,30
1549726200000,13-0016,18875506445,1,13,0755,2019,2,9,23,30
1549726200000,24-0011,18875506447,1,13,0755,2019,2,9,23,30
1549726200000,14-0011,18875506464,1,13,0755,2019,2,9,23,30
1549726200000,22-0003,18875506467,1,13,0755,2019,2,9,23,30
1549726200000,17-0005,18875506470,1,13,0755,2019,2,9,23,30
1549726200000,19-0018,18875506476,1,13,0755,2019,2,9,23,30
1549726200000,8-0012,18875506477,1,13,0755,2019,2,9,23,30
1549726200000,11-0001,18875506478,1,13,0755,2019,2,9,23,30
1549726200000,14-0016,18875506480,1,13,0755,2019,2,9,23,30
1549726200000,12-0000,18875506483,1,13,0755,2019,2,9,23,30
1549726200000,5-0013,18875506509,1,13,0755,2019,2,9,23,30
1549726200000,16-0015,18875506513,2,13,020,2019,2,9,23,30
1549726200000,5-0019,18875506556,1,13,0755,2019,2,9,23,30
1549726200000,19-0009,18875506557,1,13,0755,2019,2,9,23,30
1549726200000,19-0004,18875506562,1,13,0755,2019,2,9,23,30
1549726200000,12-0012,18875506564,1,13,0755,2019,2,9,23,30
1549726200000,24-0001,18875506565,1,13,0755,2019,2,9,23,30
1549726200000,6-0018,18875506567,1,13,0755,2019,2,9,23,30
1549726200000,23-0002,18875506578,1,13,0755,2019,2,9,23,30
1549726200000,22-0007,18875506581,1,13,0755,2019,2,9,23,30
1549726200000,16-0010,18875506598,1,13,0755,2019,2,9,23,30
1549726200000,16-0008,18875506601,4,0,0,2019,2,9,23,30
1549726200000,6-0002,18875506614,2,13,0750,2019,2,9,23,30
1549726200000,8-0013,18875506623,1,13,0755,2019,2,9,23,30
1549726200000,8-0011,18875506666,1,13,0755,2019,2,9,23,30
1549726200000,4-0006,18875506677,1,13,0755,2019,2,9,23,30
1549726200000,22-0001,18875506682,1,13,0755,2019,2,9,23,30
1549726200000,21-0012,18875506702,3,10,0,2019,2,9,23,30
1549726200000,23-0010,18875506777,1,13,0755,2019,2,9,23,30
1549726200000,8-0001,18875506780,1,13,0755,2019,2,9,23,30
1549726200000,6-0008,18875506782,1,13,0755,2019,2,9,23,30
1549726200000,23-0017,18875506783,1,13,0755,2019,2,9,23,30
1549726200000,15-0009,18875506786,1,13,0755,2019,2,9,23,30
1549726200000,13-0015,18875506791,1,13,0755,2019,2,9,23,30
1549726200000,4-0007,18875506831,1,13,0755,2019,2,9,23,30
1549726200000,9-0003,18875506840,1,13,0755,2019,2,9,23,30
1549726200000,8-0001,18875506871,1,13,0755,2019,2,9,23,30
1549726200000,16-0001,18875506873,1,13,0755,2019,2,9,23,30
1549726200000,13-0004,18875506880,1,13,0755,2019,2,9,23,30
1549726200000,20-0013,18875506884,1,13,0755,2019,2,9,23,30
1549726200000,23-0005,18875506906,3,21,0,2019,2,9,23,30
1549726200000,8-0019,18875506915,2,13,0758,2019,2,9,23,30
1549726200000,9-0007,18875506917,2,13,0752,2019,2,9,23,30
1549726200000,10-0006,18875506931,1,13,0755,2019,2,9,23,30
1549726200000,14-0014,18875506942,1,13,0755,2019,2,9,23,30
1549726200000,12-0019,18875506943,1,13,0755,2019,2,9,23,30
1549726200000,9-0018,18875506988,1,13,0755,2019,2,9,23,30
1549726200000,13-0007,18875506996,1,13,0755,2019,2,9,23,30
1549726200000,18-0001,18875506997,1,13,0755,2019,2,9,23,30
1549726200000,19-0008,18875506999,1,13,0755,2019,2,9,23,30
1549726200000,17-0015,18875507022,1,13,0755,2019,2,9,23,30
1549726200000,21-0013,18875507033,1,13,0755,2019,2,9,23,30
1549726200000,22-0004,18875507061,1,13,0755,2019,2,9,23,30
1549726200000,23-0014,18875507067,1,13,0755,2019,2,9,23,30
1549726200000,23-0003,18875507073,1,13,0755,2019,2,9,23,30
1549726200000,10-0005,18875507085,1,13,0755,2019,2,9,23,30
1549726200000,23-0005,18875507088,1,13,0755,2019,2,9,23,30
1549726200000,20-0006,18875507100,1,13,0755,2019,2,9,23,30
1549726200000,24-0018,18875507102,3,10,0,2019,2,9,23,30
1549726200000,8-0005,18875507108,3,24,0,2019,2,9,23,30
1549726200000,10-0012,18875507112,1,13,0755,2019,2,9,23,30
1549726200000,21-0010,18875507117,2,13,0752,2019,2,9,23,30
1549726200000,23-0014,18875507118,2,13,0757,2019,2,9,23,30
1549726200000,19-0018,18875507122,1,13,0755,2019,2,9,23,30
1549726200000,15-0008,18875507130,1,13,0755,2019,2,9,23,30
1549726200000,20-0016,18875507143,1,13,0755,2019,2,9,23,30
1549726200000,21-0007,18875507177,1,13,0755,2019,2,9,23,30
1549726200000,14-0017,18875507180,1,13,0755,2019,2,9,23,30
1549726200000,10-0016,18875507196,1,13,0755,2019,2,9,23,30
1549726200000,16-0009,18875507205,3,14,0,2019,2,9,23,30
1549726200000,12-0004,18875507216,2,13,0753,2019,2,9,23,30
1549726200000,15-0010,18875507222,1,13,0755,2019,2,9,23,30
1549726200000,13-0013,18875507256,1,13,0755,2019,2,9,23,30
1549726200000,22-0004,18875507265,1,13,0755,2019,2,9,23,30
1549726200000,24-0015,18875507277,1,13,0755,2019,2,9,23,30
1549726200000,16-0013,18875507292,1,13,0755,2019,2,9,23,30
1549726200000,19-0010,18875507320,1,13,0755,2019,2,9,23,30
1549726200000,24-0018,18875507324,1,13,0755,2019,2,9,23,30
1549726200000,24-0012,18875507333,1,13,0755,2019,2,9,23,30
1549726200000,20-0008,18875507340,1,13,0755,2019,2,9,23,30
1549726200000,18-0001,18875507360,1,13,0755,2019,2,9,23,30
1549726200000,23-0001,18875507378,1,13,0755,2019,2,9,23,30
1549726200000,20-0001,18875507385,1,13,0755,2019,2,9,23,30
1549726200000,14-0014,18875507392,1,13,0755,2019,2,9,23,30
1549726200000,19-0007,18875507396,1,13,0755,2019,2,9,23,30
1549726200000,23-0001,18875507411,1,13,0755,2019,2,9,23,30
1549726200000,19-0016,18875507466,1,13,0755,2019,2,9,23,30
1549726200000,20-0003,18875507474,1,13,0755,2019,2,9,23,30
1549726200000,23-0016,18875507482,1,13,0755,2019,2,9,23,30
1549726200000,4-0018,18875507489,1,13,0755,2019,2,9,23,30
1549726200000,8-0016,18875507494,1,13,0755,2019,2,9,23,30
1549726200000,23-0016,18875507503,3,11,0,2019,2,9,23,30
1549726200000,17-0012,18875507507,3,22,0,2019,2,9,23,30
1549726200000,8-0018,18875507508,3,24,0,2019,2,9,23,30
1549726200000,13-0011,18875507511,1,13,0755,2019,2,9,23,30
1549726200000,4-0011,18875507524,1,13,0755,2019,2,9,23,30
1549726200000,14-0011,18875507526,1,13,0755,2019,2,9,23,30
1549726200000,22-0014,18875507545,1,13,0755,2019,2,9,23,30
1549726200000,21-0014,18875507546,1,13,0755,2019,2,9,23,30
1549726200000,6-0018,18875507549,1,13,0755,2019,2,9,23,30
1549726200000,24-0014,18875507560,1,13,0755,2019,2,9,23,30
1549726200000,8-0006,18875507590,1,13,0755,2019,2,9,23,30
1549726200000,16-0017,18875507609,1,13,0755,2019,2,9,23,30
1549726200000,17-0005,18875507610,1,13,0755,2019,2,9,23,30
1549726200000,20-0011,18875507613,2,13,020,2019,2,9,23,30
1549726200000,11-0004,18875507621,1,13,0755,2019,2,9,23,30
1549726200000,4-0006,18875507629,1,13,0755,2019,2,9,23,30
1549726200000,10-0007,18875507644,1,13,0755,2019,2,9,23,30
1549726200000,10-0011,18875507660,1,13,0755,2019,2,9,23,30
1549726200000,23-0008,18875507705,3,14,0,2019,2,9,23,30
1549726200000,15-0018,18875507723,1,13,0755,2019,2,9,23,30
1549726200000,14-0013,18875507726,1,13,0755,2019,2,9,23,30
1549726200000,19-0009,18875507728,1,13,0755,2019,2,9,23,30
1549726200000,6-0009,18875507743,1,13,0755,2019,2,9,23,30
1549726200000,5-0018,18875507765,1,13,0755,2019,2,9,23,30
1549726200000,24-0001,18875507766,1,13,0755,2019,2,9,23,30
1549726200000,10-0018,18875507775,1,13,0755,2019,2,9,23,30
1549726200000,6-0004,18875507777,1,13,0755,2019,2,9,23,30
1549726200000,23-0010,18875507792,1,13,0755,2019,2,9,23,30
1549726200000,10-0011,18875507840,1,13,0755,2019,2,9,23,30
1549726200000,9-0019,18875507852,1,13,0755,2019,2,9,23,30
1549726200000,16-0017,18875507868,1,13,0755,2019,2,9,23,30
1549726200000,22-0013,18875507873,1,13,0755,2019,2,9,23,30
1549726200000,16-0013,18875507880,1,13,0755,2019,2,9,23,30
1549726200000,22-0008,18875507884,1,13,0755,2019,2,9,23,30
1549726200000,7-0001,18875507894,1,13,0755,2019,2,9,23,30
1549726200000,21-0016,18875507896,1,13,0755,2019,2,9,23,30
1549726200000,23-0007,18875507899,1,13,0755,2019,2,9,23,30
1549726200000,6-0008,18875507903,3,11,0,2019,2,9,23,30
1549726200000,21-0010,18875507910,1,13,0755,2019,2,9,23,30
1549726200000,7-0013,18875507912,1,13,0755,2019,2,9,23,30
1549726200000,22-0007,18875507918,2,13,0757,2019,2,9,23,30
1549726200000,4-0009,18875507920,1,13,0755,2019,2,9,23,30
1549726200000,21-0001,18875507937,1,13,0755,2019,2,9,23,30
1549726200000,21-0008,18875507940,1,13,0755,2019,2,9,23,30
1549726200000,23-0012,18875507942,1,13,0755,2019,2,9,23,30
1549726200000,19-0011,18875507954,1,13,0755,2019,2,9,23,30
1549726200000,23-0018,18875508005,3,14,0,2019,2,9,23,30
1549726200000,13-0007,18875508017,2,13,0752,2019,2,9,23,30
1549726200000,4-0005,18875508018,2,13,0757,2019,2,9,23,30
1549726200000,24-0015,18875508021,1,13,0755,2019,2,9,23,30
1549726200000,4-0014,18875508034,1,13,0755,2019,2,9,23,30
1549726200000,7-0003,18875508038,1,13,0755,2019,2,9,23,30
1549726200000,9-0003,18875508043,1,13,0755,2019,2,9,23,30
1549726200000,20-0007,18875508070,1,13,0755,2019,2,9,23,30
1549726200000,16-0009,18875508078,1,13,0755,2019,2,9,23,30
1549726200000,21-0004,18875508088,1,13,0755,2019,2,9,23,30
1549726200000,21-0009,18875508091,1,13,0755,2019,2,9,23,30
1549726200000,17-0012,18875508096,1,13,0755,2019,2,9,23,30
1549726200000,17-0010,18875508115,2,13,0758,2019,2,9,23,30
1549726200000,19-0017,18875508125,1,13,0755,2019,2,9,23,30
1549726200000,5-0012,18875508131,1,13,0755,2019,2,9,23,30
1549726200000,10-0016,18875508148,1,13,0755,2019,2,9,23,30
1549726200000,21-0019,18875508153,1,13,0755,2019,2,9,23,30
1549726200000,9-0004,18875508161,1,13,0755,2019,2,9,23,30
1549726200000,15-0018,18875508165,1,13,0755,2019,2,9,23,30
1549726200000,22-0002,18875508233,1,13,0755,2019,2,9,23,30
1549726200000,10-0018,18875508243,1,13,0755,2019,2,9,23,30
1549726200000,21-0013,18875508250,0,0,0,2019,2,9,23,30
1549726200000,16-0012,18875508260,1,13,0755,2019,2,9,23,30
1549726200000,5-0003,18875508263,1,13,0755,2019,2,9,23,30
1549726200000,13-0001,18875508284,1,13,0755,2019,2,9,23,30
1549726200000,15-0003,18875508320,1,13,0755,2019,2,9,23,30
1549726200000,22-0019,18875508326,1,13,0755,2019,2,9,23,30
1549726200000,15-0014,18875508329,1,13,0755,2019,2,9,23,30
1549726200000,19-0011,18875508347,1,13,0755,2019,2,9,23,30
1549726200000,8-0004,18875508387,1,13,0755,2019,2,9,23,30
1549726200000,6-0016,18875508390,1,13,0755,2019,2,9,23,30
1549726200000,11-0015,18875508396,1,13,0755,2019,2,9,23,30
1549726200000,8-0001,18875508411,1,13,0755,2019,2,9,23,30
1549726200000,24-0013,18875508413,2,13,020,2019,2,9,23,30
1549726200000,19-0003,18875508435,1,13,0755,2019,2,9,23,30
1549726200000,11-0004,18875508452,1,13,0755,2019,2,9,23,30
1549726200000,8-0013,18875508456,1,13,0755,2019,2,9,23,30
1549726200000,5-0014,18875508479,1,13,0755,2019,2,9,23,30
1549726200000,17-0014,18875508490,1,13,0755,2019,2,9,23,30
1549726200000,19-0008,18875508500,1,13,0755,2019,2,9,23,30
1549726200000,12-0001,18875508517,2,13,0752,2019,2,9,23,30
1549726200000,8-0003,18875508518,2,13,0757,2019,2,9,23,30
1549726200000,20-0010,18875508521,1,13,0755,2019,2,9,23,30
1549726200000,12-0016,18875508528,1,13,0755,2019,2,9,23,30
1549726200000,12-0012,18875508561,1,13,0755,2019,2,9,23,30
1549726200000,15-0012,18875508586,1,13,0755,2019,2,9,23,30
1549726200000,20-0017,18875508592,1,13,0755,2019,2,9,23,30
1549726200000,8-0001,18875508618,2,13,0757,2019,2,9,23,30
1549726200000,8-0006,18875508627,1,13,0755,2019,2,9,23,30
1549726200000,19-0009,18875508630,1,13,0755,2019,2,9,23,30
1549726200000,18-0012,18875508631,1,13,0755,2019,2,9,23,30
1549726200000,9-0019,18875508640,1,13,0755,2019,2,9,23,30
1549726200000,13-0000,18875508651,1,13,0755,2019,2,9,23,30
1549726200000,16-0009,18875508653,1,13,0755,2019,2,9,23,30
1549726200000,17-0017,18875508660,1,13,0755,2019,2,9,23,30
1549726200000,11-0015,18875508664,1,13,0755,2019,2,9,23,30
1549726200000,23-0012,18875508678,1,13,0755,2019,2,9,23,30
1549726200000,14-0009,18875508682,1,13,0755,2019,2,9,23,30
1549726200000,7-0013,18875508691,1,13,0755,2019,2,9,23,30
1549726200000,11-0013,18875508715,2,13,0758,2019,2,9,23,30
1549726200000,11-0004,18875508737,1,13,0755,2019,2,9,23,30
1549726200000,7-0016,18875508753,1,13,0755,2019,2,9,23,30
1549726200000,9-0010,18875508801,4,0,0,2019,2,9,23,30
1549726200000,18-0019,18875508804,3,12,0,2019,2,9,23,30
1549726200000,13-0008,18875508810,1,13,0755,2019,2,9,23,30
1549726200000,20-0007,18875508829,1,13,0755,2019,2,9,23,30
1549726200000,23-0001,18875508841,1,13,0755,2019,2,9,23,30
1549726200000,24-0019,18875508866,1,13,0755,2019,2,9,23,30
1549726200000,24-0012,18875508879,1,13,0755,2019,2,9,23,30
1549726200000,17-0007,18875508886,1,13,0755,2019,2,9,23,30
1549726200000,6-0010,18875508896,1,13,0755,2019,2,9,23,30
1549726200000,15-0015,18875508929,1,13,0755,2019,2,9,23,30
1549726200000,19-0016,18875508962,1,13,0755,2019,2,9,23,30
1549726200000,18-0017,18875508978,1,13,0755,2019,2,9,23,30
1549726200000,13-0008,18875508984,1,13,0755,2019,2,9,23,30
1549726200000,20-0015,18875508988,1,13,0755,2019,2,9,23,30
1549726200000,24-0009,18875508991,1,13,0755,2019,2,9,23,30
1549726200000,6-0011,18875508993,1,13,0755,2019,2,9,23,30
1549726200000,23-0011,18875508999,1,13,0755,2019,2,9,23,30
1549726200000,6-0008,18875509008,3,24,0,2019,2,9,23,30
1549726200000,20-0007,18875509011,1,13,0755,2019,2,9,23,30
1549726200000,20-0013,18875509016,2,13,0753,2019,2,9,23,30
1549726200000,23-0002,18875509018,2,13,0757,2019,2,9,23,30
1549726200000,7-0012,18875509020,1,13,0755,2019,2,9,23,30
1549726200000,23-0017,18875509022,1,13,0755,2019,2,9,23,30
1549726200000,4-0012,18875509025,1,13,0755,2019,2,9,23,30
1549726200000,6-0017,18875509033,1,13,0755,2019,2,9,23,30
1549726200000,15-0012,18875509034,1,13,0755,2019,2,9,23,30
1549726200000,13-0003,18875509047,1,13,0755,2019,2,9,23,30
1549726200000,24-0015,18875509055,1,13,0755,2019,2,9,23,30
1549726200000,8-0005,18875509061,1,13,0755,2019,2,9,23,30
1549726200000,4-0018,18875509094,1,13,0755,2019,2,9,23,30
1549726200000,4-0011,18875509116,2,13,0753,2019,2,9,23,30
1549726200000,24-0003,18875509142,1,13,0755,2019,2,9,23,30
1549726200000,19-0004,18875509145,1,13,0755,2019,2,9,23,30
1549726200000,8-0006,18875509147,1,13,0755,2019,2,9,23,30
1549726200000,15-0016,18875509153,1,13,0755,2019,2,9,23,30
1549726200000,20-0016,18875509161,1,13,0755,2019,2,9,23,30
1549726200000,11-0018,18875509175,1,13,0755,2019,2,9,23,30
1549726200000,24-0015,18875509204,3,12,0,2019,2,9,23,30
1549726200000,12-0002,18875509219,1,13,0755,2019,2,9,23,30
1549726200000,13-0014,18875509223,1,13,0755,2019,2,9,23,30
1549726200000,21-0018,18875509230,1,13,0755,2019,2,9,23,30
1549726200000,18-0005,18875509245,1,13,0755,2019,2,9,23,30
1549726200000,9-0019,18875509251,1,13,0755,2019,2,9,23,30
1549726200000,18-0010,18875509255,1,13,0755,2019,2,9,23,30
1549726200000,11-0014,18875509264,1,13,0755,2019,2,9,23,30
1549726200000,13-0014,18875509282,1,13,0755,2019,2,9,23,30
1549726200000,7-0001,18875509307,3,22,0,2019,2,9,23,30
1549726200000,19-0010,18875509310,1,13,0755,2019,2,9,23,30
1549726200000,18-0002,18875509312,1,13,0755,2019,2,9,23,30
1549726200000,17-0015,18875509315,2,13,0758,2019,2,9,23,30
1549726200000,6-0005,18875509324,1,13,0755,2019,2,9,23,30
1549726200000,21-0002,18875509350,0,0,0,2019,2,9,23,30
1549726200000,14-0000,18875509352,1,13,0755,2019,2,9,23,30
1549726200000,6-0019,18875509356,1,13,0755,2019,2,9,23,30
1549726200000,24-0004,18875509384,1,13,0755,2019,2,9,23,30
1549726200000,18-0008,18875509388,1,13,0755,2019,2,9,23,30
1549726200000,10-0007,18875509390,1,13,0755,2019,2,9,23,30
1549726200000,21-0012,18875509418,2,13,0757,2019,2,9,23,30
1549726200000,18-0011,18875509431,1,13,0755,2019,2,9,23,30
1549726200000,7-0018,18875509454,1,13,0755,2019,2,9,23,30
1549726200000,7-0001,18875509470,1,13,0755,2019,2,9,23,30
1549726200000,21-0018,18875509491,1,13,0755,2019,2,9,23,30
1549726200000,16-0014,18875509495,1,13,0755,2019,2,9,23,30
1549726200000,15-0008,18875509496,1,13,0755,2019,2,9,23,30
1549726200000,23-0008,18875509497,1,13,0755,2019,2,9,23,30
1549726200000,23-0001,18875509499,1,13,0755,2019,2,9,23,30
1549726200000,16-0007,18875509506,3,21,0,2019,2,9,23,30
1549726200000,15-0009,18875509512,1,13,0755,2019,2,9,23,30
1549726200000,7-0005,18875509515,2,13,0758,2019,2,9,23,30
1549726200000,11-0013,18875509519,1,13,0755,2019,2,9,23,30
1549726200000,6-0009,18875509531,1,13,0755,2019,2,9,23,30
1549726200000,4-0015,18875509537,1,13,0755,2019,2,9,23,30
1549726200000,22-0011,18875509563,1,13,0755,2019,2,9,23,30
1549726200000,16-0017,18875509579,1,13,0755,2019,2,9,23,30
1549726200000,10-0007,18875509600,1,13,0755,2019,2,9,23,30
1549726200000,11-0007,18875509611,1,13,0755,2019,2,9,23,30
1549726200000,22-0008,18875509655,1,13,0755,2019,2,9,23,30
1549726200000,15-0011,18875509680,1,13,0755,2019,2,9,23,30
1549726200000,12-0004,18875509724,1,13,0755,2019,2,9,23,30
1549726200000,11-0019,18875509732,1,13,0755,2019,2,9,23,30
1549726200000,15-0015,18875509744,1,13,0755,2019,2,9,23,30
1549726200000,4-0016,18875509748,1,13,0755,2019,2,9,23,30
1549726200000,15-0000,18875509751,1,13,0755,2019,2,9,23,30
1549726200000,8-0005,18875509754,1,13,0755,2019,2,9,23,30
1549726200000,12-0012,18875509756,1,13,0755,2019,2,9,23,30
1549726200000,17-0003,18875509770,1,13,0755,2019,2,9,23,30
1549726200000,17-0013,18875509816,2,13,0753,2019,2,9,23,30
1549726200000,6-0002,18875509831,1,13,0755,2019,2,9,23,30
1549726200000,20-0009,18875509840,1,13,0755,2019,2,9,23,30
1549726200000,22-0009,18875509850,0,0,0,2019,2,9,23,30
1549726200000,23-0011,18875509865,1,13,0755,2019,2,9,23,30
1549726200000,12-0017,18875509880,1,13,0755,2019,2,9,23,30
1549726200000,23-0018,18875509882,1,13,0755,2019,2,9,23,30
1549726200000,22-0006,18875509904,3,12,0,2019,2,9,23,30
1549726200000,4-0009,18875509906,3,21,0,2019,2,9,23,30
1549726200000,22-0013,18875509922,1,13,0755,2019,2,9,23,30
1549726200000,10-0000,18875509940,1,13,0755,2019,2,9,23,30
1549726200000,6-0002,18875509963,1,13,0755,2019,2,9,23,30
1549726200000,9-0011,18875509966,1,13,0755,2019,2,9,23,30
