1549987200000,13-0008,18875500139,1,13,0755,2019,2,13,0,0
1549987200000,14-0017,18875500280,1,13,0755,2019,2,13,0,0
1549987200000,21-0003,18875500363,1,13,0755,2019,2,13,0,0
1549987200000,13-0010,18875500389,1,13,0755,2019,2,13,0,0
1549987200000,15-0001,18875500719,1,13,0755,2019,2,13,0,0
1549987200000,24-0002,18875500757,1,13,0755,2019,2,13,0,0
1549987200000,21-0014,18875500763,1,13,0755,2019,2,13,0,0
1549987200000,13-0011,18875500855,1,13,0755,2019,2,13,0,0
1549987200000,5-0019,18875500878,1,13,0755,2019,2,13,0,0
1549987200000,14-0004,18875500976,1,13,0755,2019,2,13,0,0
1549987200000,12-0004,18875501003,3,11,0,2019,2,13,0,0
1549987200000,15-0014,18875501103,3,11,0,2019,2,13,0,0
1549987200000,21-0005,18875501121,1,13,0755,2019,2,13,0,0
1549987200000,20-0010,18875501569,1,13,0755,2019,2,13,0,0
1549987200000,8-0000,18875501607,3,22,0,2019,2,13,0,0
1549987200000,24-0004,18875501659,1,13,0755,2019,2,13,0,0
1549987200000,23-0015,18875501914,2,13,0750,2019,2,13,0,0
1549987200000,24-0012,18875501917,2,13,0752,2019,2,13,0,0
1549987200000,5-0007,18875502083,1,13,0755,2019,2,13,0,0
1549987200000,8-0003,18875502251,1,13,0755,2019,2,13,0,0
1549987200000,19-0010,18875502264,1,13,0755,2019,2,13,0,0
1549987200000,16-0018,18875502284,1,13,0755,2019,2,13,0,0
1549987200000,13-0012,18875502296,1,13,0755,2019,2,13,0,0
1549987200000,20-0012,18875502441,1,13,0755,2019,2,13,0,0
1549987200000,21-0019,18875502807,3,22,0,2019,2,13,0,0
1549987200000,6-0017,18875502996,1,13,0755,2019,2,13,0,0
1549987200000,22-0000,18875503032,1,13,0755,2019,2,13,0,0
1549987200000,7-0014,18875503050,0,0,0,2019,2,13,0,0
1549987200000,24-0005,18875503114,2,13,0750,2019,2,13,0,0
1549987200000,23-0019,18875503116,2,13,0753,2019,2,13,0,0
1549987200000,23-0014,18875503475,1,13,0755,2019,2,13,0,0
1549987200000,5-0002,18875503602,3,10,0,2019,2,13,0,0
1549987200000,16-0005,18875503605,3,14,0,2019,2,13,0,0
1549987200000,10-0019,18875503672,1,13,0755,2019,2,13,0,0
1549987200000,13-0000,18875503690,1,13,0755,2019,2,13,0,0
1549987200000,12-0010,18875503714,2,13,0750,2019,2,13,0,0
1549987200000,19-0000,18875503723,1,13,0755,2019,2,13,0,0
1549987200000,5-0001,18875503851,1,13,0755,2019,2,13,0,0
1549987200000,24-0012,18875503871,1,13,0755,2019,2,13,0,0
1549987200000,24-0004,18875503898,1,13,0755,2019,2,13,0,0
1549987200000,13-0003,18875503932,1,13,0755,2019,2,13,0,0
1549987200000,5-0016,18875503937,1,13,0755,2019,2,13,0,0
1549987200000,14-0004,18875503950,0,0,0,2019,2,13,0,0
1549987200000,18-0014,18875504103,3,11,0,2019,2,13,0,0
1549987200000,11-0010,18875504448,1,13,0755,2019,2,13,0,0
1549987200000,6-0005,18875504515,2,13,0758,2019,2,13,0,0
1549987200000,14-0002,18875504553,1,13,0755,2019,2,13,0,0
1549987200000,7-0016,18875504627,1,13,0755,2019,2,13,0,0
1549987200000,9-0004,18875504641,1,13,0755,2019,2,13,0,0
1549987200000,16-0009,18875504666,1,13,0755,2019,2,13,0,0
1549987200000,15-0012,18875504687,1,13,0755,2019,2,13,0,0
1549987200000,5-0008,18875504782,1,13,0755,2019,2,13,0,0
1549987200000,6-0018,18875504819,1,13,0755,2019,2,13,0,0
1549987200000,8-0008,18875504880,1,13,0755,2019,2,13,0,0
1549987200000,4-0004,18875504924,1,13,0755,2019,2,13,0,0
1549987200000,24-0004,18875504927,1,13,0755,2019,2,13,0,0
1549987200000,4-0002,18875504988,1,13,0755,2019,2,13,0,0
1549987200000,10-0007,18875505079,1,13,0755,2019,2,13,0,0
1549987200000,19-0004,18875505096,1,13,0755,2019,2,13,0,0
1549987200000,15-0012,18875505145,1,13,0755,2019,2,13,0,0
1549987200000,13-0016,18875505150,0,0,0,2019,2,13,0,0
1549987200000,24-0015,18875505218,2,13,0757,2019,2,13,0,0
1549987200000,11-0014,18875505724,1,13,0755,2019,2,13,0,0
1549987200000,14-0013,18875505767,1,13,0755,2019,2,13,0,0
1549987200000,7-0012,18875505789,1,13,0755,2019,2,13,0,0
1549987200000,4-0002,18875505915,2,13,0758,2019,2,13,0,0
1549987200000,24-0016,18875506020,1,13,0755,2019,2,13,0,0
1549987200000,10-0018,18875506086,1,13,0755,2019,2,13,0,0
1549987200000,15-0003,18875506192,1,13,0755,2019,2,13,0,0
1549987200000,15-0005,18875506217,2,13,0752,2019,2,13,0,0
1549987200000,18-0007,18875506263,1,13,0755,2019,2,13,0,0
1549987200000,6-0004,18875506336,1,13,0755,2019,2,13,0,0
1549987200000,14-0005,18875506357,1,13,0755,2019,2,13,0,0
1549987200000,7-0004,18875506423,1,13,0755,2019,2,13,0,0
1549987200000,14-0002,18875506451,1,13,0755,2019,2,13,0,0
1549987200000,12-0000,18875506491,1,13,0755,2019,2,13,0,0
1549987200000,17-0007,18875506582,1,13,0755,2019,2,13,0,0
1549987200000,4-0003,18875506641,1,13,0755,2019,2,13,0,0
1549987200000,19-0004,18875506660,1,13,0755,2019,2,13,0,0
1549987200000,12-0007,18875506696,1,13,0755,2019,2,13,0,0
1549987200000,22-0001,18875506812,1,13,0755,2019,2,13,0,0
1549987200000,17-0006,18875507089,1,13,0755,2019,2,13,0,0
1549987200000,18-0004,18875507418,2,13,0757,2019,2,13,0,0
1549987200000,23-0016,18875507422,1,13,0755,2019,2,13,0,0
1549987200000,19-0001,18875507446,1,13,0755,2019,2,13,0,0
1549987200000,16-0005,18875507491,1,13,0755,2019,2,13,0,0
1549987200000,16-0019,18875507648,1,13,0755,2019,2,13,0,0
1549987200000,4-0001,18875507953,1,13,0755,2019,2,13,0,0
1549987200000,24-0017,18875508041,1,13,0755,2019,2,13,0,0
1549987200000,19-0009,18875508109,1,13,0755,2019,2,13,0,0
1549987200000,16-0002,18875508214,2,13,0750,2019,2,13,0,0
1549987200000,23-0014,18875508266,1,13,0755,2019,2,13,0,0
1549987200000,16-0019,18875508583,1,13,0755,2019,2,13,0,0
1549987200000,4-0018,18875508741,1,13,0755,2019,2,13,0,0
1549987200000,17-0010,18875509171,1,13,0755,2019,2,13,0,0
1549987200000,22-0000,18875509204,3,12,0,2019,2,13,0,0
1549987200000,20-0001,18875509254,1,13,0755,2019,2,13,0,0
1549987200000,16-0006,18875509308,3,24,0,2019,2,13,0,0
1549987200000,19-0008,18875509496,1,13,0755,2019,2,13,0,0
1549987200000,9-0003,18875509502,3,10,0,2019,2,13,0,0
1549987200000,13-0006,18875509721,1,13,0755,2019,2,13,0,0
1549987200000,18-0000,18875509764,1,13,0755,2019,2,13,0,0
1549987200000,8-0017,18875509776,1,13,0755,2019,2,13,0,0
1549987200000,20-0014,18875509777,1,13,0755,2019,2,13,0,0
1549987200000,11-0017,18875509799,1,13,0755,2019,2,13,0,0
1549987200000,11-0005,18875509967,1,13,0755,2019,2,13,0,0
