1550072700000,23-0001,18875500038,1,13,0755,2019,2,13,23,45
1550072700000,17-0005,18875500069,1,13,0755,2019,2,13,23,45
1550072700000,18-0002,18875500077,1,13,0755,2019,2,13,23,45
1550072700000,21-0002,18875500083,1,13,0755,2019,2,13,23,45
1550072700000,10-0012,18875500092,1,13,0755,2019,2,13,23,45
1550072700000,5-0008,18875500097,1,13,0755,2019,2,13,23,45
1550072700000,12-0006,18875500108,3,24,0,2019,2,13,23,45
1550072700000,22-0002,18875500136,1,13,0755,2019,2,13,23,45
1550072700000,17-0019,18875500172,1,13,0755,2019,2,13,23,45
1550072700000,5-0002,18875500176,1,13,0755,2019,2,13,23,45
1550072700000,23-0007,18875500205,3,14,0,2019,2,13,23,45
1550072700000,19-0007,18875500230,1,13,0755,2019,2,13,23,45
1550072700000,21-0012,18875500233,1,13,0755,2019,2,13,23,45
1550072700000,9-0002,18875500238,1,13,0755,2019,2,13,23,45
1550072700000,9-0007,18875500240,1,13,0755,2019,2,13,23,45
1550072700000,5-0012,18875500273,1,13,0755,2019,2,13,23,45
1550072700000,22-0005,18875500286,1,13,0755,2019,2,13,23,45
1550072700000,5-0011,18875500287,1,13,0755,2019,2,13,23,45
1550072700000,13-0002,18875500297,1,13,0755,2019,2,13,23,45
1550072700000,13-0003,18875500325,1,13,0755,2019,2,13,23,45
1550072700000,10-0005,18875500346,1,13,0755,2019,2,13,23,45
1550072700000,13-0011,18875500365,1,13,0755,2019,2,13,23,45
1550072700000,23-0017,18875500388,1,13,0755,2019,2,13,23,45
1550072700000,5-0016,18875500397,1,13,0755,2019,2,13,23,45
1550072700000,17-0018,18875500398,1,13,0755,2019,2,13,23,45
1550072700000,10-0000,18875500408,3,24,0,2019,2,13,23,45
1550072700000,22-0007,18875500415,2,13,0758,2019,2,13,23,45
1550072700000,12-0012,18875500424,1,13,0755,2019,2,13,23,45
1550072700000,13-0015,18875500447,1,13,0755,2019,2,13,23,45
1550072700000,7-0007,18875500452,1,13,0755,2019,2,13,23,45
1550072700000,10-0018,18875500480,1,13,0755,2019,2,13,23,45
1550072700000,24-0003,18875500511,1,13,0755,2019,2,13,23,45
1550072700000,6-0011,18875500527,1,13,0755,2019,2,13,23,45
1550072700000,7-0005,18875500532,1,13,0755,2019,2,13,23,45
1550072700000,9-0017,18875500533,1,13,0755,2019,2,13,23,45
1550072700000,13-0004,18875500567,1,13,0755,2019,2,13,23,45
1550072700000,10-0008,18875500575,1,13,0755,2019,2,13,23,45
1550072700000,24-0004,18875500577,1,13,0755,2019,2,13,23,45
1550072700000,22-0018,18875500627,1,13,0755,2019,2,13,23,45
1550072700000,21-0017,18875500681,1,13,0755,2019,2,13,23,45
1550072700000,22-0015,18875500705,3,14,0,2019,2,13,23,45
1550072700000,23-0010,18875500713,2,13,020,2019,2,13,23,45
1550072700000,23-0013,18875500721,1,13,0755,2019,2,13,23,45
1550072700000,15-0007,18875500733,1,13,0755,2019,2,13,23,45
1550072700000,7-0015,18875500735,1,13,0755,2019,2,13,23,45
1550072700000,20-0008,18875500746,1,13,0755,2019,2,13,23,45
1550072700000,17-0004,18875500767,1,13,0755,2019,2,13,23,45
1550072700000,12-0017,18875500799,1,13,0755,2019,2,13,23,45
1550072700000,8-0015,18875500830,1,13,0755,2019,2,13,23,45
1550072700000,18-0014,18875500833,1,13,0755,2019,2,13,23,45
1550072700000,16-0008,18875500844,1,13,0755,2019,2,13,23,45
1550072700000,12-0002,18875500866,1,13,0755,2019,2,13,23,45
1550072700000,18-0014,18875500883,1,13,0755,2019,2,13,23,45
1550072700000,21-0001,18875500920,1,13,0755,2019,2,13,23,45
1550072700000,23-0011,18875500922,1,13,0755,2019,2,13,23,45
1550072700000,6-0010,18875500954,1,13,0755,2019,2,13,23,45
1550072700000,17-0009,18875500975,1,13,0755,2019,2,13,23,45
1550072700000,16-0005,18875500989,1,13,0755,2019,2,13,23,45
1550072700000,12-0000,18875501031,1,13,0755,2019,2,13,23,45
1550072700000,17-0005,18875501098,1,13,0755,2019,2,13,23,45
1550072700000,4-0012,18875501111,1,13,0755,2019,2,13,23,45
1550072700000,16-0005,18875501125,1,13,0755,2019,2,13,23,45
1550072700000,5-0002,18875501132,1,13,0755,2019,2,13,23,45
1550072700000,11-0011,18875501201,4,0,0,2019,2,13,23,45
1550072700000,16-0010,18875501211,1,13,0755,2019,2,13,23,45
1550072700000,16-0019,18875501214,2,13,0750,2019,2,13,23,45
1550072700000,11-0012,18875501222,1,13,0755,2019,2,13,23,45
1550072700000,11-0007,18875501226,1,13,0755,2019,2,13,23,45
1550072700000,16-0004,18875501242,1,13,0755,2019,2,13,23,45
1550072700000,18-0003,18875501267,1,13,0755,2019,2,13,23,45
1550072700000,20-0015,18875501268,1,13,0755,2019,2,13,23,45
1550072700000,7-0016,18875501280,1,13,0755,2019,2,13,23,45
1550072700000,8-0009,18875501288,1,13,0755,2019,2,13,23,45
1550072700000,10-0005,18875501309,1,13,0755,2019,2,13,23,45
1550072700000,13-0002,18875501314,2,13,0750,2019,2,13,23,45
1550072700000,8-0007,18875501340,1,13,0755,2019,2,13,23,45
1550072700000,11-0012,18875501363,1,13,0755,2019,2,13,23,45
1550072700000,11-0002,18875501378,1,13,0755,2019,2,13,23,45
1550072700000,10-0000,18875501391,1,13,0755,2019,2,13,23,45
1550072700000,5-0007,18875501432,1,13,0755,2019,2,13,23,45
1550072700000,18-0015,18875501436,1,13,0755,2019,2,13,23,45
1550072700000,11-0002,18875501506,3,21,0,2019,2,13,23,45
1550072700000,5-0004,18875501508,3,24,0,2019,2,13,23,45
1550072700000,23-0017,18875501545,1,13,0755,2019,2,13,23,45
1550072700000,14-0009,18875501553,1,13,0755,2019,2,13,23,45
1550072700000,17-0013,18875501567,1,13,0755,2019,2,13,23,45
1550072700000,21-0017,18875501604,3,12,0,2019,2,13,23,45
1550072700000,4-0009,18875501612,1,13,0755,2019,2,13,23,45
1550072700000,24-0004,18875501625,1,13,0755,2019,2,13,23,45
1550072700000,10-0001,18875501632,1,13,0755,2019,2,13,23,45
1550072700000,7-0013,18875501633,1,13,0755,2019,2,13,23,45
1550072700000,17-0005,18875501642,1,13,0755,2019,2,13,23,45
1550072700000,15-0015,18875501670,1,13,0755,2019,2,13,23,45
1550072700000,14-0018,18875501694,1,13,0755,2019,2,13,23,45
1550072700000,18-0016,18875501696,1,13,0755,2019,2,13,23,45
1550072700000,11-0011,18875501698,1,13,0755,2019,2,13,23,45
1550072700000,19-0004,18875501719,1,13,0755,2019,2,13,23,45
1550072700000,5-0011,18875501730,1,13,0755,2019,2,13,23,45
1550072700000,11-0014,18875501738,1,13,0755,2019,2,13,23,45
1550072700000,24-0012,18875501743,1,13,0755,2019,2,13,23,45
1550072700000,17-0010,18875501815,2,13,0758,2019,2,13,23,45
1550072700000,8-0011,18875501828,1,13,0755,2019,2,13,23,45
1550072700000,21-0019,18875501835,1,13,0755,2019,2,13,23,45
1550072700000,8-0000,18875501836,1,13,0755,2019,2,13,23,45
1550072700000,24-0015,18875501870,1,13,0755,2019,2,13,23,45
1550072700000,13-0009,18875501876,1,13,0755,2019,2,13,23,45
1550072700000,13-0009,18875501923,1,13,0755,2019,2,13,23,45
1550072700000,7-0003,18875501951,1,13,0755,2019,2,13,23,45
1550072700000,22-0018,18875501968,1,13,0755,2019,2,13,23,45
1550072700000,5-0017,18875501999,1,13,0755,2019,2,13,23,45
1550072700000,11-0000,18875502021,1,13,0755,2019,2,13,23,45
1550072700000,4-0012,18875502032,1,13,0755,2019,2,13,23,45
1550072700000,10-0001,18875502095,1,13,0755,2019,2,13,23,45
1550072700000,13-0006,18875502106,3,21,0,2019,2,13,23,45
1550072700000,23-0013,18875502123,1,13,0755,2019,2,13,23,45
1550072700000,17-0017,18875502144,1,13,0755,2019,2,13,23,45
1550072700000,14-0013,18875502145,1,13,0755,2019,2,13,23,45
1550072700000,13-0015,18875502150,0,0,0,2019,2,13,23,45
1550072700000,22-0001,18875502169,1,13,0755,2019,2,13,23,45
1550072700000,4-0002,18875502183,1,13,0755,2019,2,13,23,45
1550072700000,16-0010,18875502198,1,13,0755,2019,2,13,23,45
1550072700000,11-0017,18875502215,2,13,0758,2019,2,13,23,45
1550072700000,6-0006,18875502233,1,13,0755,2019,2,13,23,45
1550072700000,12-0019,18875502246,1,13,0755,2019,2,13,23,45
1550072700000,4-0010,18875502271,1,13,0755,2019,2,13,23,45
1550072700000,17-0001,18875502329,1,13,0755,2019,2,13,23,45
1550072700000,21-0019,18875502346,1,13,0755,2019,2,13,23,45
1550072700000,21-0018,18875502347,1,13,0755,2019,2,13,23,45
1550072700000,18-0014,18875502358,1,13,0755,2019,2,13,23,45
1550072700000,16-0003,18875502381,1,13,0755,2019,2,13,23,45
1550072700000,12-0006,18875502382,1,13,0755,2019,2,13,23,45
1550072700000,18-0005,18875502387,1,13,0755,2019,2,13,23,45
1550072700000,12-0018,18875502427,1,13,0755,2019,2,13,23,45
1550072700000,19-0007,18875502446,1,13,0755,2019,2,13,23,45
1550072700000,17-0015,18875502459,1,13,0755,2019,2,13,23,45
1550072700000,13-0008,18875502470,1,13,0755,2019,2,13,23,45
1550072700000,5-0004,18875502482,1,13,0755,2019,2,13,23,45
1550072700000,24-0012,18875502495,1,13,0755,2019,2,13,23,45
1550072700000,23-0016,18875502535,1,13,0755,2019,2,13,23,45
1550072700000,15-0008,18875502549,1,13,0755,2019,2,13,23,45
1550072700000,23-0011,18875502552,1,13,0755,2019,2,13,23,45
1550072700000,14-0010,18875502555,1,13,0755,2019,2,13,23,45
1550072700000,22-0018,18875502572,1,13,0755,2019,2,13,23,45
1550072700000,8-0013,18875502593,1,13,0755,2019,2,13,23,45
1550072700000,7-0013,18875502621,1,13,0755,2019,2,13,23,45
1550072700000,13-0006,18875502657,1,13,0755,2019,2,13,23,45
1550072700000,5-0007,18875502669,1,13,0755,2019,2,13,23,45
1550072700000,19-0008,18875502697,1,13,0755,2019,2,13,23,45
1550072700000,14-0000,18875502702,3,10,0,2019,2,13,23,45
1550072700000,16-0012,18875502718,2,13,0757,2019,2,13,23,45
1550072700000,19-0000,18875502721,1,13,0755,2019,2,13,23,45
1550072700000,12-0011,18875502722,1,13,0755,2019,2,13,23,45
1550072700000,20-0014,18875502730,1,13,0755,2019,2,13,23,45
1550072700000,24-0002,18875502745,1,13,0755,2019,2,13,23,45
1550072700000,17-0000,18875502759,1,13,0755,2019,2,13,23,45
1550072700000,9-0019,18875502789,1,13,0755,2019,2,13,23,45
1550072700000,8-0006,18875502805,3,14,0,2019,2,13,23,45
1550072700000,14-0013,18875502812,1,13,0755,2019,2,13,23,45
1550072700000,21-0009,18875502863,1,13,0755,2019,2,13,23,45
1550072700000,10-0004,18875502880,1,13,0755,2019,2,13,23,45
1550072700000,18-0002,18875502906,3,21,0,2019,2,13,23,45
1550072700000,9-0008,18875502921,1,13,0755,2019,2,13,23,45
1550072700000,7-0018,18875502929,1,13,0755,2019,2,13,23,45
1550072700000,18-0007,18875502936,1,13,0755,2019,2,13,23,45
1550072700000,22-0006,18875502979,1,13,0755,2019,2,13,23,45
1550072700000,11-0016,18875503004,3,12,0,2019,2,13,23,45
1550072700000,13-0003,18875503021,1,13,0755,2019,2,13,23,45
1550072700000,18-0011,18875503047,1,13,0755,2019,2,13,23,45
1550072700000,4-0014,18875503054,1,13,0755,2019,2,13,23,45
1550072700000,10-0008,18875503070,1,13,0755,2019,2,13,23,45
1550072700000,5-0007,18875503087,1,13,0755,2019,2,13,23,45
1550072700000,17-0008,18875503092,1,13,0755,2019,2,13,23,45
1550072700000,6-0015,18875503111,1,13,0755,2019,2,13,23,45
1550072700000,23-0016,18875503119,1,13,0755,2019,2,13,23,45
1550072700000,19-0017,18875503146,1,13,0755,2019,2,13,23,45
1550072700000,12-0018,18875503157,1,13,0755,2019,2,13,23,45
1550072700000,12-0006,18875503158,1,13,0755,2019,2,13,23,45
1550072700000,15-0001,18875503162,1,13,0755,2019,2,13,23,45
1550072700000,14-0017,18875503189,1,13,0755,2019,2,13,23,45
1550072700000,14-0006,18875503216,2,13,0753,2019,2,13,23,45
1550072700000,8-0016,18875503240,1,13,0755,2019,2,13,23,45
1550072700000,16-0008,18875503245,1,13,0755,2019,2,13,23,45
1550072700000,6-0002,18875503253,1,13,0755,2019,2,13,23,45
1550072700000,8-0013,18875503275,1,13,0755,2019,2,13,23,45
1550072700000,19-0002,18875503320,1,13,0755,2019,2,13,23,45
1550072700000,15-0010,18875503325,1,13,0755,2019,2,13,23,45
1550072700000,10-0006,18875503347,1,13,0755,2019,2,13,23,45
1550072700000,20-0003,18875503361,1,13,0755,2019,2,13,23,45
1550072700000,10-0009,18875503379,1,13,0755,2019,2,13,23,45
1550072700000,18-0017,18875503410,1,13,0755,2019,2,13,23,45
1550072700000,19-0009,18875503420,1,13,0755,2019,2,13,23,45
1550072700000,21-0001,18875503444,1,13,0755,2019,2,13,23,45
1550072700000,11-0007,18875503466,1,13,0755,2019,2,13,23,45
1550072700000,5-0000,18875503488,1,13,0755,2019,2,13,23,45
1550072700000,13-0005,18875503505,3,14,0,2019,2,13,23,45
1550072700000,11-0000,18875503535,1,13,0755,2019,2,13,23,45
1550072700000,24-0018,18875503561,1,13,0755,2019,2,13,23,45
1550072700000,6-0009,18875503572,1,13,0755,2019,2,13,23,45
1550072700000,14-0017,18875503576,1,13,0755,2019,2,13,23,45
1550072700000,11-0009,18875503583,1,13,0755,2019,2,13,23,45
1550072700000,14-0013,18875503595,1,13,0755,2019,2,13,23,45
1550072700000,22-0006,18875503609,1,13,0755,2019,2,13,23,45
1550072700000,21-0017,18875503678,1,13,0755,2019,2,13,23,45
1550072700000,22-0003,18875503681,1,13,0755,2019,2,13,23,45
1550072700000,18-0016,18875503684,1,13,0755,2019,2,13,23,45
1550072700000,13-0004,18875503694,1,13,0755,2019,2,13,23,45
1550072700000,10-0013,18875503717,2,13,0752,2019,2,13,23,45
1550072700000,12-0012,18875503732,1,13,0755,2019,2,13,23,45
1550072700000,23-0002,18875503735,1,13,0755,2019,2,13,23,45
1550072700000,24-0016,18875503769,1,13,0755,2019,2,13,23,45
1550072700000,12-0000,18875503770,1,13,0755,2019,2,13,23,45
1550072700000,22-0016,18875503811,1,13,0755,2019,2,13,23,45
1550072700000,5-0019,18875503813,2,13,020,2019,2,13,23,45
1550072700000,15-0007,18875503835,1,13,0755,2019,2,13,23,45
1550072700000,13-0009,18875503836,1,13,0755,2019,2,13,23,45
1550072700000,14-0018,18875503839,1,13,0755,2019,2,13,23,45
1550072700000,18-0008,18875503884,1,13,0755,2019,2,13,23,45
1550072700000,18-0004,18875503908,3,24,0,2019,2,13,23,45
1550072700000,5-0019,18875503923,1,13,0755,2019,2,13,23,45
1550072700000,13-0014,18875503959,1,13,0755,2019,2,13,23,45
1550072700000,9-0016,18875503968,1,13,0755,2019,2,13,23,45
1550072700000,19-0012,18875504000,1,13,0755,2019,2,13,23,45
1550072700000,16-0004,18875504009,1,13,0755,2019,2,13,23,45
1550072700000,18-0016,18875504010,1,13,0755,2019,2,13,23,45
1550072700000,20-0013,18875504027,1,13,0755,2019,2,13,23,45
1550072700000,8-0001,18875504029,1,13,0755,2019,2,13,23,45
1550072700000,4-0003,18875504034,1,13,0755,2019,2,13,23,45
1550072700000,8-0005,18875504045,1,13,0755,2019,2,13,23,45
1550072700000,4-0003,18875504067,1,13,0755,2019,2,13,23,45
1550072700000,9-0009,18875504068,1,13,0755,2019,2,13,23,45
1550072700000,14-0001,18875504089,1,13,0755,2019,2,13,23,45
1550072700000,5-0017,18875504106,3,21,0,2019,2,13,23,45
1550072700000,23-0003,18875504112,1,13,0755,2019,2,13,23,45
1550072700000,24-0013,18875504123,1,13,0755,2019,2,13,23,45
1550072700000,19-0012,18875504124,1,13,0755,2019,2,13,23,45
1550072700000,16-0014,18875504163,1,13,0755,2019,2,13,23,45
1550072700000,5-0013,18875504171,1,13,0755,2019,2,13,23,45
1550072700000,16-0004,18875504181,1,13,0755,2019,2,13,23,45
1550072700000,19-0003,18875504185,1,13,0755,2019,2,13,23,45
1550072700000,20-0008,18875504193,1,13,0755,2019,2,13,23,45
1550072700000,16-0010,18875504215,2,13,0758,2019,2,13,23,45
1550072700000,7-0004,18875504232,1,13,0755,2019,2,13,23,45
1550072700000,4-0014,18875504261,1,13,0755,2019,2,13,23,45
1550072700000,21-0001,18875504297,1,13,0755,2019,2,13,23,45
1550072700000,23-0010,18875504368,1,13,0755,2019,2,13,23,45
1550072700000,20-0006,18875504373,1,13,0755,2019,2,13,23,45
1550072700000,12-0016,18875504377,1,13,0755,2019,2,13,23,45
1550072700000,23-0017,18875504379,1,13,0755,2019,2,13,23,45
1550072700000,7-0019,18875504408,3,24,0,2019,2,13,23,45
1550072700000,13-0003,18875504414,2,13,0750,2019,2,13,23,45
1550072700000,14-0006,18875504422,1,13,0755,2019,2,13,23,45
1550072700000,16-0000,18875504427,1,13,0755,2019,2,13,23,45
1550072700000,6-0007,18875504434,1,13,0755,2019,2,13,23,45
1550072700000,16-0009,18875504443,1,13,0755,2019,2,13,23,45
1550072700000,4-0002,18875504456,1,13,0755,2019,2,13,23,45
1550072700000,8-0007,18875504463,1,13,0755,2019,2,13,23,45
1550072700000,11-0005,18875504483,1,13,0755,2019,2,13,23,45
1550072700000,18-0004,18875504494,1,13,0755,2019,2,13,23,45
1550072700000,24-0018,18875504500,1,13,0755,2019,2,13,23,45
1550072700000,20-0007,18875504523,1,13,0755,2019,2,13,23,45
1550072700000,11-0014,18875504542,1,13,0755,2019,2,13,23,45
1550072700000,24-0018,18875504556,1,13,0755,2019,2,13,23,45
1550072700000,7-0012,18875504575,1,13,0755,2019,2,13,23,45
1550072700000,24-0005,18875504613,2,13,020,2019,2,13,23,45
1550072700000,18-0012,18875504615,2,13,0758,2019,2,13,23,45
1550072700000,19-0005,18875504618,2,13,0757,2019,2,13,23,45
1550072700000,12-0008,18875504640,1,13,0755,2019,2,13,23,45
1550072700000,9-0004,18875504641,1,13,0755,2019,2,13,23,45
1550072700000,18-0014,18875504663,1,13,0755,2019,2,13,23,45
1550072700000,17-0018,18875504742,1,13,0755,2019,2,13,23,45
1550072700000,13-0018,18875504758,1,13,0755,2019,2,13,23,45
1550072700000,12-0006,18875504775,1,13,0755,2019,2,13,23,45
1550072700000,14-0004,18875504802,3,10,0,2019,2,13,23,45
1550072700000,10-0011,18875504809,1,13,0755,2019,2,13,23,45
1550072700000,22-0009,18875504813,2,13,020,2019,2,13,23,45
1550072700000,13-0005,18875504821,1,13,0755,2019,2,13,23,45
1550072700000,14-0003,18875504822,1,13,0755,2019,2,13,23,45
1550072700000,20-0007,18875504837,1,13,0755,2019,2,13,23,45
1550072700000,11-0006,18875504859,1,13,0755,2019,2,13,23,45
1550072700000,15-0006,18875504872,1,13,0755,2019,2,13,23,45
1550072700000,24-0004,18875504889,1,13,0755,2019,2,13,23,45
1550072700000,22-0010,18875504892,1,13,0755,2019,2,13,23,45
1550072700000,22-0019,18875504901,4,0,0,2019,2,13,23,45
1550072700000,14-0002,18875504922,1,13,0755,2019,2,13,23,45
1550072700000,24-0008,18875504952,1,13,0755,2019,2,13,23,45
1550072700000,12-0013,18875504974,1,13,0755,2019,2,13,23,45
1550072700000,20-0013,18875504989,1,13,0755,2019,2,13,23,45
1550072700000,17-0015,18875505015,2,13,0758,2019,2,13,23,45
1550072700000,11-0009,18875505030,1,13,0755,2019,2,13,23,45
1550072700000,7-0012,18875505036,1,13,0755,2019,2,13,23,45
1550072700000,24-0001,18875505045,1,13,0755,2019,2,13,23,45
1550072700000,16-0016,18875505088,1,13,0755,2019,2,13,23,45
1550072700000,17-0016,18875505107,3,22,0,2019,2,13,23,45
1550072700000,5-0004,18875505155,1,13,0755,2019,2,13,23,45
1550072700000,21-0016,18875505177,1,13,0755,2019,2,13,23,45
1550072700000,5-0016,18875505202,3,10,0,2019,2,13,23,45
1550072700000,4-0006,18875505266,1,13,0755,2019,2,13,23,45
1550072700000,6-0015,18875505298,1,13,0755,2019,2,13,23,45
1550072700000,14-0002,18875505312,1,13,0755,2019,2,13,23,45
1550072700000,23-0014,18875505353,1,13,0755,2019,2,13,23,45
1550072700000,15-0001,18875505366,1,13,0755,2019,2,13,23,45
1550072700000,23-0005,18875505419,1,13,0755,2019,2,13,23,45
1550072700000,13-0011,18875505433,1,13,0755,2019,2,13,23,45
1550072700000,4-0005,18875505444,1,13,0755,2019,2,13,23,45
1550072700000,16-0016,18875505450,0,0,0,2019,2,13,23,45
1550072700000,22-0002,18875505453,1,13,0755,2019,2,13,23,45
1550072700000,12-0012,18875505464,1,13,0755,2019,2,13,23,45
1550072700000,22-0004,18875505486,1,13,0755,2019,2,13,23,45
1550072700000,20-0009,18875505500,1,13,0755,2019,2,13,23,45
1550072700000,18-0011,18875505507,3,22,0,2019,2,13,23,45
1550072700000,5-0014,18875505524,1,13,0755,2019,2,13,23,45
1550072700000,17-0000,18875505538,1,13,0755,2019,2,13,23,45
1550072700000,15-0019,18875505548,1,13,0755,2019,2,13,23,45
1550072700000,15-0002,18875505549,1,13,0755,2019,2,13,23,45
1550072700000,12-0014,18875505550,0,0,0,2019,2,13,23,45
1550072700000,23-0018,18875505552,1,13,0755,2019,2,13,23,45
1550072700000,7-0017,18875505606,3,21,0,2019,2,13,23,45
1550072700000,17-0007,18875505664,1,13,0755,2019,2,13,23,45
1550072700000,5-0003,18875505669,1,13,0755,2019,2,13,23,45
1550072700000,5-0003,18875505686,1,13,0755,2019,2,13,23,45
1550072700000,6-0001,18875505720,1,13,0755,2019,2,13,23,45
1550072700000,7-0017,18875505752,1,13,0755,2019,2,13,23,45
1550072700000,7-0011,18875505755,1,13,0755,2019,2,13,23,45
1550072700000,12-0010,18875505775,1,13,0755,2019,2,13,23,45
1550072700000,15-0006,18875505785,1,13,0755,2019,2,13,23,45
1550072700000,8-0015,18875505803,3,11,0,2019,2,13,23,45
1550072700000,6-0001,18875505805,3,14,0,2019,2,13,23,45
1550072700000,5-0018,18875505812,1,13,0755,2019,2,13,23,45
1550072700000,23-0000,18875505823,1,13,0755,2019,2,13,23,45
1550072700000,11-0010,18875505825,1,13,0755,2019,2,13,23,45
1550072700000,5-0015,18875505831,1,13,0755,2019,2,13,23,45
1550072700000,15-0006,18875505837,1,13,0755,2019,2,13,23,45
1550072700000,23-0003,18875505839,1,13,0755,2019,2,13,23,45
1550072700000,6-0019,18875505844,1,13,0755,2019,2,13,23,45
1550072700000,19-0013,18875505858,1,13,0755,2019,2,13,23,45
1550072700000,14-0002,18875505874,1,13,0755,2019,2,13,23,45
1550072700000,18-0002,18875505917,2,13,0752,2019,2,13,23,45
1550072700000,14-0002,18875505933,1,13,0755,2019,2,13,23,45
1550072700000,20-0014,18875505954,1,13,0755,2019,2,13,23,45
1550072700000,4-0019,18875505972,1,13,0755,2019,2,13,23,45
1550072700000,24-0016,18875506016,2,13,0753,2019,2,13,23,45
1550072700000,24-0006,18875506056,1,13,0755,2019,2,13,23,45
1550072700000,11-0014,18875506069,1,13,0755,2019,2,13,23,45
1550072700000,7-0007,18875506070,1,13,0755,2019,2,13,23,45
1550072700000,19-0013,18875506079,1,13,0755,2019,2,13,23,45
1550072700000,6-0018,18875506084,1,13,0755,2019,2,13,23,45
1550072700000,22-0006,18875506094,1,13,0755,2019,2,13,23,45
1550072700000,17-0008,18875506122,1,13,0755,2019,2,13,23,45
1550072700000,16-0003,18875506141,1,13,0755,2019,2,13,23,45
1550072700000,21-0010,18875506153,1,13,0755,2019,2,13,23,45
1550072700000,21-0008,18875506205,3,14,0,2019,2,13,23,45
1550072700000,20-0005,18875506212,1,13,0755,2019,2,13,23,45
1550072700000,9-0015,18875506242,1,13,0755,2019,2,13,23,45
1550072700000,6-0012,18875506256,1,13,0755,2019,2,13,23,45
1550072700000,4-0003,18875506260,1,13,0755,2019,2,13,23,45
1550072700000,7-0002,18875506274,1,13,0755,2019,2,13,23,45
1550072700000,4-0019,18875506297,1,13,0755,2019,2,13,23,45
1550072700000,14-0005,18875506304,3,12,0,2019,2,13,23,45
1550072700000,6-0001,18875506310,1,13,0755,2019,2,13,23,45
1550072700000,16-0008,18875506387,1,13,0755,2019,2,13,23,45
1550072700000,16-0012,18875506416,2,13,0753,2019,2,13,23,45
1550072700000,16-0002,18875506428,1,13,0755,2019,2,13,23,45
1550072700000,12-0016,18875506474,1,13,0755,2019,2,13,23,45
1550072700000,24-0013,18875506477,1,13,0755,2019,2,13,23,45
1550072700000,5-0011,18875506494,1,13,0755,2019,2,13,23,45
1550072700000,23-0010,18875506533,1,13,0755,2019,2,13,23,45
1550072700000,15-0019,18875506546,1,13,0755,2019,2,13,23,45
1550072700000,15-0015,18875506564,1,13,0755,2019,2,13,23,45
1550072700000,6-0002,18875506610,1,13,0755,2019,2,13,23,45
1550072700000,12-0015,18875506671,1,13,0755,2019,2,13,23,45
1550072700000,22-0007,18875506672,1,13,0755,2019,2,13,23,45
1550072700000,16-0012,18875506681,1,13,0755,2019,2,13,23,45
1550072700000,9-0008,18875506683,1,13,0755,2019,2,13,23,45
1550072700000,21-0014,18875506694,1,13,0755,2019,2,13,23,45
1550072700000,5-0005,18875506783,1,13,0755,2019,2,13,23,45
1550072700000,4-0002,18875506794,1,13,0755,2019,2,13,23,45
1550072700000,13-0000,18875506811,1,13,0755,2019,2,13,23,45
1550072700000,18-0002,18875506813,2,13,020,2019,2,13,23,45
1550072700000,10-0003,18875506880,1,13,0755,2019,2,13,23,45
1550072700000,10-0017,18875506881,1,13,0755,2019,2,13,23,45
1550072700000,15-0004,18875506920,1,13,0755,2019,2,13,23,45
1550072700000,5-0003,18875506960,1,13,0755,2019,2,13,23,45
1550072700000,16-0019,18875506963,1,13,0755,2019,2,13,23,45
1550072700000,21-0000,18875506970,1,13,0755,2019,2,13,23,45
1550072700000,20-0017,18875506975,1,13,0755,2019,2,13,23,45
1550072700000,8-0004,18875506996,1,13,0755,2019,2,13,23,45
1550072700000,11-0007,18875507002,3,10,0,2019,2,13,23,45
1550072700000,24-0012,18875507009,1,13,0755,2019,2,13,23,45
1550072700000,6-0016,18875507092,1,13,0755,2019,2,13,23,45
1550072700000,10-0004,18875507094,1,13,0755,2019,2,13,23,45
1550072700000,11-0015,18875507132,1,13,0755,2019,2,13,23,45
1550072700000,13-0002,18875507147,1,13,0755,2019,2,13,23,45
1550072700000,4-0000,18875507175,1,13,0755,2019,2,13,23,45
1550072700000,16-0002,18875507176,1,13,0755,2019,2,13,23,45
1550072700000,15-0000,18875507179,1,13,0755,2019,2,13,23,45
1550072700000,12-0019,18875507193,1,13,0755,2019,2,13,23,45
1550072700000,9-0002,18875507196,1,13,0755,2019,2,13,23,45
1550072700000,14-0003,18875507206,3,21,0,2019,2,13,23,45
1550072700000,23-0011,18875507249,1,13,0755,2019,2,13,23,45
1550072700000,20-0010,18875507253,1,13,0755,2019,2,13,23,45
1550072700000,15-0002,18875507274,1,13,0755,2019,2,13,23,45
1550072700000,11-0005,18875507294,1,13,0755,2019,2,13,23,45
1550072700000,22-0009,18875507315,2,13,0758,2019,2,13,23,45
1550072700000,20-0005,18875507328,1,13,0755,2019,2,13,23,45
1550072700000,5-0003,18875507353,1,13,0755,2019,2,13,23,45
1550072700000,9-0010,18875507364,1,13,0755,2019,2,13,23,45
1550072700000,11-0010,18875507405,3,14,0,2019,2,13,23,45
1550072700000,15-0014,18875507424,1,13,0755,2019,2,13,23,45
1550072700000,10-0002,18875507425,1,13,0755,2019,2,13,23,45
1550072700000,18-0000,18875507447,1,13,0755,2019,2,13,23,45
1550072700000,22-0015,18875507467,1,13,0755,2019,2,13,23,45
1550072700000,24-0012,18875507476,1,13,0755,2019,2,13,23,45
1550072700000,6-0002,18875507490,1,13,0755,2019,2,13,23,45
1550072700000,11-0013,18875507520,1,13,0755,2019,2,13,23,45
1550072700000,7-0019,18875507529,1,13,0755,2019,2,13,23,45
1550072700000,4-0017,18875507531,1,13,0755,2019,2,13,23,45
1550072700000,18-0013,18875507630,1,13,0755,2019,2,13,23,45
1550072700000,5-0000,18875507649,1,13,0755,2019,2,13,23,45
1550072700000,5-0006,18875507669,1,13,0755,2019,2,13,23,45
1550072700000,13-0018,18875507678,1,13,0755,2019,2,13,23,45
1550072700000,20-0011,18875507682,1,13,0755,2019,2,13,23,45
1550072700000,17-0000,18875507684,1,13,0755,2019,2,13,23,45
1550072700000,14-0008,18875507714,2,13,0750,2019,2,13,23,45
1550072700000,15-0006,18875507718,2,13,0757,2019,2,13,23,45
1550072700000,9-0017,18875507727,1,13,0755,2019,2,13,23,45
1550072700000,14-0006,18875507733,1,13,0755,2019,2,13,23,45
1550072700000,22-0012,18875507749,1,13,0755,2019,2,13,23,45
1550072700000,7-0006,18875507755,1,13,0755,2019,2,13,23,45
1550072700000,21-0013,18875507760,1,13,0755,2019,2,13,23,45
1550072700000,12-0015,18875507762,1,13,0755,2019,2,13,23,45
1550072700000,21-0015,18875507792,1,13,0755,2019,2,13,23,45
1550072700000,14-0013,18875507800,1,13,0755,2019,2,13,23,45
1550072700000,6-0010,18875507803,3,11,0,2019,2,13,23,45
1550072700000,18-0003,18875507815,2,13,0758,2019,2,13,23,45
1550072700000,18-0009,18875507831,1,13,0755,2019,2,13,23,45
1550072700000,10-0000,18875507845,1,13,0755,2019,2,13,23,45
1550072700000,6-0018,18875507852,1,13,0755,2019,2,13,23,45
1550072700000,17-0008,18875507857,1,13,0755,2019,2,13,23,45
1550072700000,9-0016,18875507863,1,13,0755,2019,2,13,23,45
1550072700000,17-0002,18875507873,1,13,0755,2019,2,13,23,45
1550072700000,21-0019,18875507908,3,24,0,2019,2,13,23,45
1550072700000,7-0012,18875507916,2,13,0753,2019,2,13,23,45
1550072700000,4-0004,18875507935,1,13,0755,2019,2,13,23,45
1550072700000,21-0010,18875507937,1,13,0755,2019,2,13,23,45
1550072700000,5-0005,18875507940,1,13,0755,2019,2,13,23,45
1550072700000,9-0009,18875508000,1,13,0755,2019,2,13,23,45
1550072700000,14-0008,18875508022,1,13,0755,2019,2,13,23,45
1550072700000,4-0012,18875508051,1,13,0755,2019,2,13,23,45
1550072700000,7-0002,18875508086,1,13,0755,2019,2,13,23,45
1550072700000,13-0000,18875508147,1,13,0755,2019,2,13,23,45
1550072700000,22-0017,18875508172,1,13,0755,2019,2,13,23,45
1550072700000,20-0003,18875508253,1,13,0755,2019,2,13,23,45
1550072700000,17-0018,18875508257,1,13,0755,2019,2,13,23,45
1550072700000,24-0010,18875508263,1,13,0755,2019,2,13,23,45
1550072700000,5-0011,18875508317,2,13,0752,2019,2,13,23,45
1550072700000,21-0001,18875508328,1,13,0755,2019,2,13,23,45
1550072700000,4-0005,18875508338,1,13,0755,2019,2,13,23,45
1550072700000,8-0017,18875508346,1,13,0755,2019,2,13,23,45
1550072700000,18-0008,18875508370,1,13,0755,2019,2,13,23,45
1550072700000,17-0002,18875508375,1,13,0755,2019,2,13,23,45
1550072700000,8-0006,18875508400,1,13,0755,2019,2,13,23,45
1550072700000,9-0012,18875508401,4,0,0,2019,2,13,23,45
1550072700000,11-0015,18875508423,1,13,0755,2019,2,13,23,45
1550072700000,23-0009,18875508452,1,13,0755,2019,2,13,23,45
1550072700000,12-0000,18875508483,1,13,0755,2019,2,13,23,45
1550072700000,6-0002,18875508529,1,13,0755,2019,2,13,23,45
1550072700000,8-0002,18875508541,1,13,0755,2019,2,13,23,45
1550072700000,12-0000,18875508542,1,13,0755,2019,2,13,23,45
1550072700000,16-0008,18875508549,1,13,0755,2019,2,13,23,45
1550072700000,14-0011,18875508558,1,13,0755,2019,2,13,23,45
1550072700000,7-0015,18875508575,1,13,0755,2019,2,13,23,45
1550072700000,9-0011,18875508581,1,13,0755,2019,2,13,23,45
1550072700000,6-0009,18875508590,1,13,0755,2019,2,13,23,45
1550072700000,13-0014,18875508594,1,13,0755,2019,2,13,23,45
1550072700000,22-0007,18875508601,4,0,0,2019,2,13,23,45
1550072700000,17-0014,18875508620,1,13,0755,2019,2,13,23,45
1550072700000,4-0010,18875508629,1,13,0755,2019,2,13,23,45
1550072700000,16-0002,18875508637,1,13,0755,2019,2,13,23,45
1550072700000,22-0000,18875508641,1,13,0755,2019,2,13,23,45
1550072700000,6-0009,18875508648,1,13,0755,2019,2,13,23,45
1550072700000,11-0005,18875508652,1,13,0755,2019,2,13,23,45
1550072700000,22-0018,18875508659,1,13,0755,2019,2,13,23,45
1550072700000,20-0000,18875508676,1,13,0755,2019,2,13,23,45
1550072700000,23-0015,18875508689,1,13,0755,2019,2,13,23,45
1550072700000,23-0005,18875508723,1,13,0755,2019,2,13,23,45
1550072700000,5-0012,18875508743,1,13,0755,2019,2,13,23,45
1550072700000,23-0003,18875508752,1,13,0755,2019,2,13,23,45
1550072700000,21-0013,18875508777,1,13,0755,2019,2,13,23,45
1550072700000,14-0009,18875508785,1,13,0755,2019,2,13,23,45
1550072700000,6-0000,18875508807,3,22,0,2019,2,13,23,45
1550072700000,18-0004,18875508811,1,13,0755,2019,2,13,23,45
1550072700000,21-0006,18875508825,1,13,0755,2019,2,13,23,45
1550072700000,17-0004,18875508828,1,13,0755,2019,2,13,23,45
1550072700000,14-0005,18875508897,1,13,0755,2019,2,13,23,45
1550072700000,17-0018,18875508905,3,14,0,2019,2,13,23,45
1550072700000,6-0010,18875508963,1,13,0755,2019,2,13,23,45
1550072700000,18-0014,18875508983,1,13,0755,2019,2,13,23,45
1550072700000,17-0014,18875508986,1,13,0755,2019,2,13,23,45
1550072700000,9-0014,18875509009,1,13,0755,2019,2,13,23,45
1550072700000,22-0001,18875509053,1,13,0755,2019,2,13,23,45
1550072700000,23-0011,18875509091,1,13,0755,2019,2,13,23,45
1550072700000,14-0011,18875509109,1,13,0755,2019,2,13,23,45
1550072700000,10-0005,18875509169,1,13,0755,2019,2,13,23,45
1550072700000,9-0017,18875509173,1,13,0755,2019,2,13,23,45
1550072700000,20-0002,18875509207,3,22,0,2019,2,13,23,45
1550072700000,14-0006,18875509212,1,13,0755,2019,2,13,23,45
1550072700000,20-0003,18875509220,1,13,0755,2019,2,13,23,45
1550072700000,18-0002,18875509240,1,13,0755,2019,2,13,23,45
1550072700000,15-0003,18875509248,1,13,0755,2019,2,13,23,45
1550072700000,19-0006,18875509250,0,0,0,2019,2,13,23,45
1550072700000,20-0001,18875509254,1,13,0755,2019,2,13,23,45
1550072700000,19-0005,18875509264,1,13,0755,2019,2,13,23,45
1550072700000,10-0003,18875509290,1,13,0755,2019,2,13,23,45
1550072700000,21-0007,18875509314,2,13,0750,2019,2,13,23,45
1550072700000,22-0004,18875509315,2,13,0758,2019,2,13,23,45
1550072700000,13-0009,18875509362,1,13,0755,2019,2,13,23,45
1550072700000,8-0014,18875509368,1,13,0755,2019,2,13,23,45
1550072700000,6-0015,18875509382,1,13,0755,2019,2,13,23,45
1550072700000,11-0005,18875509385,1,13,0755,2019,2,13,23,45
1550072700000,9-0012,18875509444,1,13,0755,2019,2,13,23,45
1550072700000,16-0007,18875509466,1,13,0755,2019,2,13,23,45
1550072700000,10-0002,18875509467,1,13,0755,2019,2,13,23,45
1550072700000,5-0009,18875509500,1,13,0755,2019,2,13,23,45
1550072700000,17-0011,18875509519,1,13,0755,2019,2,13,23,45
1550072700000,12-0002,18875509542,1,13,0755,2019,2,13,23,45
1550072700000,18-0005,18875509581,1,13,0755,2019,2,13,23,45
1550072700000,12-0000,18875509585,1,13,0755,2019,2,13,23,45
1550072700000,22-0012,18875509623,1,13,0755,2019,2,13,23,45
1550072700000,22-0005,18875509642,1,13,0755,2019,2,13,23,45
1550072700000,11-0006,18875509658,1,13,0755,2019,2,13,23,45
1550072700000,24-0015,18875509668,1,13,0755,2019,2,13,23,45
1550072700000,4-0001,18875509681,1,13,0755,2019,2,13,23,45
1550072700000,13-0004,18875509688,1,13,0755,2019,2,13,23,45
1550072700000,20-0012,18875509703,3,11,0,2019,2,13,23,45
1550072700000,23-0017,18875509740,1,13,0755,2019,2,13,23,45
1550072700000,17-0012,18875509741,1,13,0755,2019,2,13,23,45
1550072700000,23-0011,18875509773,1,13,0755,2019,2,13,23,45
1550072700000,24-0016,18875509807,3,22,0,2019,2,13,23,45
1550072700000,14-0000,18875509820,1,13,0755,2019,2,13,23,45
1550072700000,17-0006,18875509843,1,13,0755,2019,2,13,23,45
1550072700000,22-0008,18875509903,3,11,0,2019,2,13,23,45
1550072700000,24-0001,18875509924,1,13,0755,2019,2,13,23,45
1550072700000,7-0011,18875509931,1,13,0755,2019,2,13,23,45
1550072700000,24-0011,18875509936,1,13,0755,2019,2,13,23,45
1550072700000,23-0002,18875509976,1,13,0755,2019,2,13,23,45
