1549984500000,7-0011,18875500005,3,14,0,2019,2,12,23,15
1549984500000,4-0006,18875500016,2,13,0753,2019,2,12,23,15
1549984500000,24-0017,18875500021,1,13,0755,2019,2,12,23,15
1549984500000,6-0005,18875500051,1,13,0755,2019,2,12,23,15
1549984500000,10-0006,18875500079,1,13,0755,2019,2,12,23,15
1549984500000,7-0010,18875500084,1,13,0755,2019,2,12,23,15
1549984500000,9-0007,18875500087,1,13,0755,2019,2,12,23,15
1549984500000,19-0001,18875500116,2,13,0753,2019,2,12,23,15
1549984500000,9-0000,18875500121,1,13,0755,2019,2,12,23,15
1549984500000,5-0000,18875500127,1,13,0755,2019,2,12,23,15
1549984500000,21-0002,18875500136,1,13,0755,2019,2,12,23,15
1549984500000,9-0019,18875500148,1,13,0755,2019,2,12,23,15
1549984500000,16-0004,18875500150,0,0,0,2019,2,12,23,15
1549984500000,7-0002,18875500153,1,13,0755,2019,2,12,23,15
1549984500000,5-0002,18875500171,1,13,0755,2019,2,12,23,15
1549984500000,13-0011,18875500178,1,13,0755,2019,2,12,23,15
1549984500000,15-0002,18875500180,1,13,0755,2019,2,12,23,15
1549984500000,16-0014,18875500181,1,13,0755,2019,2,12,23,15
1549984500000,11-0014,18875500190,1,13,0755,2019,2,12,23,15
1549984500000,21-0015,18875500192,1,13,0755,2019,2,12,23,15
1549984500000,15-0006,18875500193,1,13,0755,2019,2,12,23,15
1549984500000,8-0005,18875500198,1,13,0755,2019,2,12,23,15
1549984500000,8-0013,18875500199,1,13,0755,2019,2,12,23,15
1549984500000,6-0001,18875500212,1,13,0755,2019,2,12,23,15
1549984500000,14-0003,18875500214,2,13,0750,2019,2,12,23,15
1549984500000,24-0003,18875500227,1,13,0755,2019,2,12,23,15
1549984500000,7-0016,18875500232,1,13,0755,2019,2,12,23,15
1549984500000,20-0014,18875500251,1,13,0755,2019,2,12,23,15
1549984500000,7-0007,18875500254,1,13,0755,2019,2,12,23,15
1549984500000,23-0019,18875500256,1,13,0755,2019,2,12,23,15
1549984500000,12-0007,18875500260,1,13,0755,2019,2,12,23,15
1549984500000,24-0013,18875500276,1,13,0755,2019,2,12,23,15
1549984500000,22-0011,18875500281,1,13,0755,2019,2,12,23,15
1549984500000,12-0013,18875500289,1,13,0755,2019,2,12,23,15
1549984500000,14-0006,18875500302,3,10,0,2019,2,12,23,15
1549984500000,15-0018,18875500307,3,22,0,2019,2,12,23,15
1549984500000,10-0012,18875500311,1,13,0755,2019,2,12,23,15
1549984500000,13-0003,18875500342,1,13,0755,2019,2,12,23,15
1549984500000,8-0004,18875500354,1,13,0755,2019,2,12,23,15
1549984500000,11-0004,18875500367,1,13,0755,2019,2,12,23,15
1549984500000,16-0014,18875500369,1,13,0755,2019,2,12,23,15
1549984500000,10-0011,18875500373,1,13,0755,2019,2,12,23,15
1549984500000,19-0018,18875500378,1,13,0755,2019,2,12,23,15
1549984500000,4-0006,18875500387,1,13,0755,2019,2,12,23,15
1549984500000,23-0012,18875500390,1,13,0755,2019,2,12,23,15
1549984500000,15-0008,18875500402,3,10,0,2019,2,12,23,15
1549984500000,5-0013,18875500405,3,14,0,2019,2,12,23,15
1549984500000,9-0009,18875500413,2,13,020,2019,2,12,23,15
1549984500000,13-0018,18875500443,1,13,0755,2019,2,12,23,15
1549984500000,14-0016,18875500452,1,13,0755,2019,2,12,23,15
1549984500000,18-0005,18875500456,1,13,0755,2019,2,12,23,15
1549984500000,9-0014,18875500468,1,13,0755,2019,2,12,23,15
1549984500000,9-0018,18875500472,1,13,0755,2019,2,12,23,15
1549984500000,17-0001,18875500488,1,13,0755,2019,2,12,23,15
1549984500000,15-0007,18875500492,1,13,0755,2019,2,12,23,15
1549984500000,23-0007,18875500499,1,13,0755,2019,2,12,23,15
1549984500000,10-0003,18875500503,3,11,0,2019,2,12,23,15
1549984500000,24-0006,18875500508,3,24,0,2019,2,12,23,15
1549984500000,18-0012,18875500512,1,13,0755,2019,2,12,23,15
1549984500000,22-0016,18875500520,1,13,0755,2019,2,12,23,15
1549984500000,5-0006,18875500530,1,13,0755,2019,2,12,23,15
1549984500000,7-0011,18875500533,1,13,0755,2019,2,12,23,15
1549984500000,7-0012,18875500539,1,13,0755,2019,2,12,23,15
1549984500000,10-0008,18875500541,1,13,0755,2019,2,12,23,15
1549984500000,8-0003,18875500547,1,13,0755,2019,2,12,23,15
1549984500000,13-0001,18875500554,1,13,0755,2019,2,12,23,15
1549984500000,12-0014,18875500555,1,13,0755,2019,2,12,23,15
1549984500000,5-0018,18875500561,1,13,0755,2019,2,12,23,15
1549984500000,7-0014,18875500564,1,13,0755,2019,2,12,23,15
1549984500000,6-0019,18875500565,1,13,0755,2019,2,12,23,15
1549984500000,19-0008,18875500577,1,13,0755,2019,2,12,23,15
1549984500000,18-0016,18875500578,1,13,0755,2019,2,12,23,15
1549984500000,11-0015,18875500584,1,13,0755,2019,2,12,23,15
1549984500000,15-0010,18875500592,1,13,0755,2019,2,12,23,15
1549984500000,17-0006,18875500593,1,13,0755,2019,2,12,23,15
1549984500000,13-0009,18875500595,1,13,0755,2019,2,12,23,15
1549984500000,6-0001,18875500605,3,14,0,2019,2,12,23,15
1549984500000,11-0016,18875500609,1,13,0755,2019,2,12,23,15
1549984500000,20-0017,18875500613,2,13,020,2019,2,12,23,15
1549984500000,14-0013,18875500630,1,13,0755,2019,2,12,23,15
1549984500000,17-0000,18875500632,1,13,0755,2019,2,12,23,15
1549984500000,23-0015,18875500661,1,13,0755,2019,2,12,23,15
1549984500000,20-0018,18875500668,1,13,0755,2019,2,12,23,15
1549984500000,17-0012,18875500676,1,13,0755,2019,2,12,23,15
1549984500000,4-0000,18875500679,1,13,0755,2019,2,12,23,15
1549984500000,14-0000,18875500686,1,13,0755,2019,2,12,23,15
1549984500000,6-0010,18875500687,1,13,0755,2019,2,12,23,15
1549984500000,14-0007,18875500692,1,13,0755,2019,2,12,23,15
1549984500000,13-0010,18875500696,1,13,0755,2019,2,12,23,15
1549984500000,15-0013,18875500712,1,13,0755,2019,2,12,23,15
1549984500000,21-0017,18875500714,2,13,0750,2019,2,12,23,15
1549984500000,4-0011,18875500728,1,13,0755,2019,2,12,23,15
1549984500000,14-0006,18875500757,1,13,0755,2019,2,12,23,15
1549984500000,18-0018,18875500759,1,13,0755,2019,2,12,23,15
1549984500000,5-0004,18875500760,1,13,0755,2019,2,12,23,15
1549984500000,8-0004,18875500763,1,13,0755,2019,2,12,23,15
1549984500000,13-0006,18875500764,1,13,0755,2019,2,12,23,15
1549984500000,10-0007,18875500778,1,13,0755,2019,2,12,23,15
1549984500000,4-0006,18875500782,1,13,0755,2019,2,12,23,15
1549984500000,6-0015,18875500789,1,13,0755,2019,2,12,23,15
1549984500000,21-0012,18875500805,3,14,0,2019,2,12,23,15
1549984500000,11-0011,18875500815,2,13,0758,2019,2,12,23,15
1549984500000,17-0018,18875500819,1,13,0755,2019,2,12,23,15
1549984500000,21-0016,18875500827,1,13,0755,2019,2,12,23,15
1549984500000,23-0003,18875500829,1,13,0755,2019,2,12,23,15
1549984500000,23-0012,18875500837,1,13,0755,2019,2,12,23,15
1549984500000,16-0008,18875500857,1,13,0755,2019,2,12,23,15
1549984500000,23-0006,18875500870,1,13,0755,2019,2,12,23,15
1549984500000,16-0003,18875500874,1,13,0755,2019,2,12,23,15
1549984500000,20-0005,18875500875,1,13,0755,2019,2,12,23,15
1549984500000,20-0003,18875500885,1,13,0755,2019,2,12,23,15
1549984500000,14-0005,18875500891,1,13,0755,2019,2,12,23,15
1549984500000,14-0001,18875500896,1,13,0755,2019,2,12,23,15
1549984500000,15-0011,18875500900,1,13,0755,2019,2,12,23,15
1549984500000,4-0012,18875500901,4,0,0,2019,2,12,23,15
1549984500000,8-0016,18875500906,3,21,0,2019,2,12,23,15
1549984500000,6-0012,18875500907,3,22,0,2019,2,12,23,15
1549984500000,16-0017,18875500910,1,13,0755,2019,2,12,23,15
1549984500000,5-0003,18875500912,1,13,0755,2019,2,12,23,15
1549984500000,4-0017,18875500940,1,13,0755,2019,2,12,23,15
1549984500000,12-0005,18875500953,1,13,0755,2019,2,12,23,15
1549984500000,8-0003,18875500958,1,13,0755,2019,2,12,23,15
1549984500000,6-0007,18875500970,1,13,0755,2019,2,12,23,15
1549984500000,22-0008,18875500973,1,13,0755,2019,2,12,23,15
1549984500000,22-0017,18875500984,1,13,0755,2019,2,12,23,15
1549984500000,19-0007,18875500985,1,13,0755,2019,2,12,23,15
1549984500000,17-0002,18875500990,1,13,0755,2019,2,12,23,15
1549984500000,11-0010,18875501009,1,13,0755,2019,2,12,23,15
1549984500000,11-0008,18875501015,2,13,0758,2019,2,12,23,15
1549984500000,17-0010,18875501019,1,13,0755,2019,2,12,23,15
1549984500000,17-0018,18875501021,1,13,0755,2019,2,12,23,15
1549984500000,22-0019,18875501025,1,13,0755,2019,2,12,23,15
1549984500000,17-0019,18875501039,1,13,0755,2019,2,12,23,15
1549984500000,14-0009,18875501041,1,13,0755,2019,2,12,23,15
1549984500000,5-0001,18875501061,1,13,0755,2019,2,12,23,15
1549984500000,14-0019,18875501079,1,13,0755,2019,2,12,23,15
1549984500000,5-0013,18875501080,1,13,0755,2019,2,12,23,15
1549984500000,13-0007,18875501095,1,13,0755,2019,2,12,23,15
1549984500000,5-0013,18875501098,1,13,0755,2019,2,12,23,15
1549984500000,10-0016,18875501103,3,11,0,2019,2,12,23,15
1549984500000,4-0007,18875501113,2,13,020,2019,2,12,23,15
1549984500000,18-0007,18875501120,1,13,0755,2019,2,12,23,15
1549984500000,17-0006,18875501123,1,13,0755,2019,2,12,23,15
1549984500000,6-0019,18875501124,1,13,0755,2019,2,12,23,15
1549984500000,17-0019,18875501157,1,13,0755,2019,2,12,23,15
1549984500000,10-0001,18875501172,1,13,0755,2019,2,12,23,15
1549984500000,16-0018,18875501182,1,13,0755,2019,2,12,23,15
1549984500000,5-0000,18875501193,1,13,0755,2019,2,12,23,15
1549984500000,12-0016,18875501196,1,13,0755,2019,2,12,23,15
1549984500000,19-0001,18875501210,1,13,0755,2019,2,12,23,15
1549984500000,21-0008,18875501216,2,13,0753,2019,2,12,23,15
1549984500000,14-0010,18875501220,1,13,0755,2019,2,12,23,15
1549984500000,14-0009,18875501238,1,13,0755,2019,2,12,23,15
1549984500000,21-0008,18875501263,1,13,0755,2019,2,12,23,15
1549984500000,4-0013,18875501267,1,13,0755,2019,2,12,23,15
1549984500000,15-0016,18875501274,1,13,0755,2019,2,12,23,15
1549984500000,21-0008,18875501286,1,13,0755,2019,2,12,23,15
1549984500000,24-0014,18875501304,3,12,0,2019,2,12,23,15
1549984500000,16-0005,18875501311,1,13,0755,2019,2,12,23,15
1549984500000,19-0010,18875501326,1,13,0755,2019,2,12,23,15
1549984500000,14-0009,18875501358,1,13,0755,2019,2,12,23,15
1549984500000,13-0016,18875501363,1,13,0755,2019,2,12,23,15
1549984500000,15-0011,18875501367,1,13,0755,2019,2,12,23,15
1549984500000,15-0017,18875501377,1,13,0755,2019,2,12,23,15
1549984500000,16-0014,18875501379,1,13,0755,2019,2,12,23,15
1549984500000,19-0014,18875501384,1,13,0755,2019,2,12,23,15
1549984500000,20-0005,18875501390,1,13,0755,2019,2,12,23,15
1549984500000,12-0016,18875501395,1,13,0755,2019,2,12,23,15
1549984500000,15-0013,18875501407,3,22,0,2019,2,12,23,15
1549984500000,13-0002,18875501409,1,13,0755,2019,2,12,23,15
1549984500000,21-0019,18875501426,1,13,0755,2019,2,12,23,15
1549984500000,18-0010,18875501433,1,13,0755,2019,2,12,23,15
1549984500000,22-0004,18875501440,1,13,0755,2019,2,12,23,15
1549984500000,11-0011,18875501460,1,13,0755,2019,2,12,23,15
1549984500000,6-0001,18875501464,1,13,0755,2019,2,12,23,15
1549984500000,7-0017,18875501465,1,13,0755,2019,2,12,23,15
1549984500000,13-0014,18875501470,1,13,0755,2019,2,12,23,15
1549984500000,18-0013,18875501471,1,13,0755,2019,2,12,23,15
1549984500000,13-0003,18875501477,1,13,0755,2019,2,12,23,15
1549984500000,7-0013,18875501481,1,13,0755,2019,2,12,23,15
1549984500000,12-0018,18875501495,1,13,0755,2019,2,12,23,15
1549984500000,7-0007,18875501503,3,11,0,2019,2,12,23,15
1549984500000,13-0004,18875501508,3,24,0,2019,2,12,23,15
1549984500000,16-0015,18875501513,2,13,020,2019,2,12,23,15
1549984500000,11-0009,18875501514,2,13,0750,2019,2,12,23,15
1549984500000,14-0004,18875501522,1,13,0755,2019,2,12,23,15
1549984500000,4-0013,18875501524,1,13,0755,2019,2,12,23,15
1549984500000,4-0000,18875501527,1,13,0755,2019,2,12,23,15
1549984500000,7-0015,18875501538,1,13,0755,2019,2,12,23,15
1549984500000,7-0018,18875501541,1,13,0755,2019,2,12,23,15
1549984500000,6-0016,18875501546,1,13,0755,2019,2,12,23,15
1549984500000,12-0002,18875501549,1,13,0755,2019,2,12,23,15
1549984500000,16-0009,18875501557,1,13,0755,2019,2,12,23,15
1549984500000,7-0004,18875501561,1,13,0755,2019,2,12,23,15
1549984500000,17-0017,18875501567,1,13,0755,2019,2,12,23,15
1549984500000,14-0001,18875501574,1,13,0755,2019,2,12,23,15
1549984500000,22-0010,18875501580,1,13,0755,2019,2,12,23,15
1549984500000,22-0010,18875501599,1,13,0755,2019,2,12,23,15
1549984500000,12-0018,18875501605,3,14,0,2019,2,12,23,15
1549984500000,24-0019,18875501611,1,13,0755,2019,2,12,23,15
1549984500000,12-0006,18875501614,2,13,0750,2019,2,12,23,15
1549984500000,22-0003,18875501616,2,13,0753,2019,2,12,23,15
1549984500000,7-0002,18875501630,1,13,0755,2019,2,12,23,15
1549984500000,11-0016,18875501633,1,13,0755,2019,2,12,23,15
1549984500000,24-0004,18875501642,1,13,0755,2019,2,12,23,15
1549984500000,12-0012,18875501670,1,13,0755,2019,2,12,23,15
1549984500000,6-0012,18875501673,1,13,0755,2019,2,12,23,15
1549984500000,21-0005,18875501680,1,13,0755,2019,2,12,23,15
1549984500000,16-0011,18875501681,1,13,0755,2019,2,12,23,15
1549984500000,8-0016,18875501701,4,0,0,2019,2,12,23,15
1549984500000,13-0003,18875501725,1,13,0755,2019,2,12,23,15
1549984500000,8-0013,18875501740,1,13,0755,2019,2,12,23,15
1549984500000,4-0009,18875501743,1,13,0755,2019,2,12,23,15
1549984500000,5-0008,18875501751,1,13,0755,2019,2,12,23,15
1549984500000,19-0000,18875501754,1,13,0755,2019,2,12,23,15
1549984500000,24-0013,18875501755,1,13,0755,2019,2,12,23,15
1549984500000,18-0001,18875501761,1,13,0755,2019,2,12,23,15
1549984500000,23-0012,18875501765,1,13,0755,2019,2,12,23,15
1549984500000,14-0016,18875501774,1,13,0755,2019,2,12,23,15
1549984500000,16-0004,18875501784,1,13,0755,2019,2,12,23,15
1549984500000,9-0014,18875501785,1,13,0755,2019,2,12,23,15
1549984500000,5-0002,18875501797,1,13,0755,2019,2,12,23,15
1549984500000,13-0007,18875501800,1,13,0755,2019,2,12,23,15
1549984500000,17-0016,18875501813,2,13,020,2019,2,12,23,15
1549984500000,24-0009,18875501822,1,13,0755,2019,2,12,23,15
1549984500000,21-0005,18875501827,1,13,0755,2019,2,12,23,15
1549984500000,23-0017,18875501828,1,13,0755,2019,2,12,23,15
1549984500000,12-0007,18875501836,1,13,0755,2019,2,12,23,15
1549984500000,21-0008,18875501846,1,13,0755,2019,2,12,23,15
1549984500000,10-0013,18875501852,1,13,0755,2019,2,12,23,15
1549984500000,22-0001,18875501867,1,13,0755,2019,2,12,23,15
1549984500000,6-0006,18875501873,1,13,0755,2019,2,12,23,15
1549984500000,4-0004,18875501880,1,13,0755,2019,2,12,23,15
1549984500000,16-0000,18875501884,1,13,0755,2019,2,12,23,15
1549984500000,10-0019,18875501891,1,13,0755,2019,2,12,23,15
1549984500000,12-0003,18875501902,3,10,0,2019,2,12,23,15
1549984500000,24-0013,18875501904,3,12,0,2019,2,12,23,15
1549984500000,8-0002,18875501913,2,13,020,2019,2,12,23,15
1549984500000,17-0002,18875501915,2,13,0758,2019,2,12,23,15
1549984500000,13-0000,18875501927,1,13,0755,2019,2,12,23,15
1549984500000,16-0004,18875501932,1,13,0755,2019,2,12,23,15
1549984500000,9-0019,18875501949,1,13,0755,2019,2,12,23,15
1549984500000,6-0006,18875501963,1,13,0755,2019,2,12,23,15
1549984500000,21-0007,18875502001,4,0,0,2019,2,12,23,15
1549984500000,23-0003,18875502004,3,12,0,2019,2,12,23,15
1549984500000,14-0005,18875502017,2,13,0752,2019,2,12,23,15
1549984500000,12-0019,18875502040,1,13,0755,2019,2,12,23,15
1549984500000,21-0019,18875502050,0,0,0,2019,2,12,23,15
1549984500000,21-0003,18875502076,1,13,0755,2019,2,12,23,15
1549984500000,9-0013,18875502079,1,13,0755,2019,2,12,23,15
1549984500000,11-0013,18875502083,1,13,0755,2019,2,12,23,15
1549984500000,15-0012,18875502085,1,13,0755,2019,2,12,23,15
1549984500000,10-0016,18875502087,1,13,0755,2019,2,12,23,15
1549984500000,21-0009,18875502100,1,13,0755,2019,2,12,23,15
1549984500000,19-0000,18875502101,4,0,0,2019,2,12,23,15
1549984500000,7-0012,18875502103,3,11,0,2019,2,12,23,15
1549984500000,13-0014,18875502108,3,24,0,2019,2,12,23,15
1549984500000,5-0007,18875502109,1,13,0755,2019,2,12,23,15
1549984500000,21-0000,18875502112,1,13,0755,2019,2,12,23,15
1549984500000,23-0010,18875502118,2,13,0757,2019,2,12,23,15
1549984500000,4-0013,18875502121,1,13,0755,2019,2,12,23,15
1549984500000,24-0014,18875502131,1,13,0755,2019,2,12,23,15
1549984500000,10-0015,18875502153,1,13,0755,2019,2,12,23,15
1549984500000,7-0012,18875502154,1,13,0755,2019,2,12,23,15
1549984500000,24-0018,18875502169,1,13,0755,2019,2,12,23,15
1549984500000,7-0018,18875502172,1,13,0755,2019,2,12,23,15
1549984500000,11-0009,18875502188,1,13,0755,2019,2,12,23,15
1549984500000,16-0001,18875502194,1,13,0755,2019,2,12,23,15
1549984500000,7-0018,18875502214,2,13,0750,2019,2,12,23,15
1549984500000,21-0009,18875502226,1,13,0755,2019,2,12,23,15
1549984500000,15-0002,18875502242,1,13,0755,2019,2,12,23,15
1549984500000,23-0004,18875502243,1,13,0755,2019,2,12,23,15
1549984500000,14-0007,18875502248,1,13,0755,2019,2,12,23,15
1549984500000,24-0013,18875502258,1,13,0755,2019,2,12,23,15
1549984500000,11-0010,18875502269,1,13,0755,2019,2,12,23,15
1549984500000,14-0010,18875502272,1,13,0755,2019,2,12,23,15
1549984500000,9-0007,18875502281,1,13,0755,2019,2,12,23,15
1549984500000,24-0008,18875502284,1,13,0755,2019,2,12,23,15
1549984500000,21-0017,18875502298,1,13,0755,2019,2,12,23,15
1549984500000,16-0019,18875502301,4,0,0,2019,2,12,23,15
1549984500000,17-0013,18875502302,3,10,0,2019,2,12,23,15
1549984500000,21-0018,18875502306,3,21,0,2019,2,12,23,15
1549984500000,4-0017,18875502313,2,13,020,2019,2,12,23,15
1549984500000,18-0002,18875502333,1,13,0755,2019,2,12,23,15
1549984500000,18-0010,18875502338,1,13,0755,2019,2,12,23,15
1549984500000,15-0002,18875502358,1,13,0755,2019,2,12,23,15
1549984500000,19-0006,18875502367,1,13,0755,2019,2,12,23,15
1549984500000,18-0015,18875502371,1,13,0755,2019,2,12,23,15
1549984500000,19-0018,18875502372,1,13,0755,2019,2,12,23,15
1549984500000,21-0000,18875502373,1,13,0755,2019,2,12,23,15
1549984500000,13-0005,18875502391,1,13,0755,2019,2,12,23,15
1549984500000,23-0009,18875502401,4,0,0,2019,2,12,23,15
1549984500000,24-0011,18875502402,3,10,0,2019,2,12,23,15
1549984500000,13-0004,18875502414,2,13,0750,2019,2,12,23,15
1549984500000,15-0002,18875502427,1,13,0755,2019,2,12,23,15
1549984500000,18-0003,18875502431,1,13,0755,2019,2,12,23,15
1549984500000,13-0016,18875502443,1,13,0755,2019,2,12,23,15
1549984500000,10-0014,18875502451,1,13,0755,2019,2,12,23,15
1549984500000,19-0002,18875502461,1,13,0755,2019,2,12,23,15
1549984500000,24-0019,18875502465,1,13,0755,2019,2,12,23,15
1549984500000,5-0009,18875502472,1,13,0755,2019,2,12,23,15
1549984500000,21-0000,18875502474,1,13,0755,2019,2,12,23,15
1549984500000,18-0002,18875502491,1,13,0755,2019,2,12,23,15
1549984500000,20-0003,18875502513,2,13,020,2019,2,12,23,15
1549984500000,14-0014,18875502515,2,13,0758,2019,2,12,23,15
1549984500000,19-0004,18875502535,1,13,0755,2019,2,12,23,15
1549984500000,22-0000,18875502539,1,13,0755,2019,2,12,23,15
1549984500000,24-0014,18875502549,1,13,0755,2019,2,12,23,15
1549984500000,22-0018,18875502558,1,13,0755,2019,2,12,23,15
1549984500000,7-0002,18875502560,1,13,0755,2019,2,12,23,15
1549984500000,24-0008,18875502568,1,13,0755,2019,2,12,23,15
1549984500000,23-0010,18875502571,1,13,0755,2019,2,12,23,15
1549984500000,21-0007,18875502572,1,13,0755,2019,2,12,23,15
1549984500000,9-0005,18875502583,1,13,0755,2019,2,12,23,15
1549984500000,14-0009,18875502586,1,13,0755,2019,2,12,23,15
1549984500000,18-0017,18875502595,1,13,0755,2019,2,12,23,15
1549984500000,21-0002,18875502602,3,10,0,2019,2,12,23,15
1549984500000,7-0010,18875502606,3,21,0,2019,2,12,23,15
1549984500000,12-0000,18875502615,2,13,0758,2019,2,12,23,15
1549984500000,5-0004,18875502633,1,13,0755,2019,2,12,23,15
1549984500000,6-0002,18875502634,1,13,0755,2019,2,12,23,15
1549984500000,22-0008,18875502639,1,13,0755,2019,2,12,23,15
1549984500000,9-0000,18875502642,1,13,0755,2019,2,12,23,15
1549984500000,10-0002,18875502660,1,13,0755,2019,2,12,23,15
1549984500000,10-0016,18875502666,1,13,0755,2019,2,12,23,15
1549984500000,7-0005,18875502668,1,13,0755,2019,2,12,23,15
1549984500000,22-0013,18875502671,1,13,0755,2019,2,12,23,15
1549984500000,10-0014,18875502672,1,13,0755,2019,2,12,23,15
1549984500000,13-0009,18875502679,1,13,0755,2019,2,12,23,15
1549984500000,24-0001,18875502680,1,13,0755,2019,2,12,23,15
1549984500000,21-0002,18875502684,1,13,0755,2019,2,12,23,15
1549984500000,16-0017,18875502685,1,13,0755,2019,2,12,23,15
1549984500000,24-0003,18875502687,1,13,0755,2019,2,12,23,15
1549984500000,18-0007,18875502697,1,13,0755,2019,2,12,23,15
1549984500000,15-0011,18875502715,2,13,0758,2019,2,12,23,15
1549984500000,7-0016,18875502719,1,13,0755,2019,2,12,23,15
1549984500000,14-0018,18875502721,1,13,0755,2019,2,12,23,15
1549984500000,12-0006,18875502730,1,13,0755,2019,2,12,23,15
1549984500000,13-0016,18875502744,1,13,0755,2019,2,12,23,15
1549984500000,14-0005,18875502747,1,13,0755,2019,2,12,23,15
1549984500000,16-0013,18875502758,1,13,0755,2019,2,12,23,15
1549984500000,16-0006,18875502762,1,13,0755,2019,2,12,23,15
1549984500000,23-0006,18875502764,1,13,0755,2019,2,12,23,15
1549984500000,23-0008,18875502770,1,13,0755,2019,2,12,23,15
1549984500000,21-0005,18875502772,1,13,0755,2019,2,12,23,15
1549984500000,12-0004,18875502778,1,13,0755,2019,2,12,23,15
1549984500000,18-0010,18875502781,1,13,0755,2019,2,12,23,15
1549984500000,5-0001,18875502785,1,13,0755,2019,2,12,23,15
1549984500000,17-0016,18875502793,1,13,0755,2019,2,12,23,15
1549984500000,20-0003,18875502800,1,13,0755,2019,2,12,23,15
1549984500000,23-0009,18875502808,3,24,0,2019,2,12,23,15
1549984500000,22-0018,18875502818,2,13,0757,2019,2,12,23,15
1549984500000,16-0011,18875502819,1,13,0755,2019,2,12,23,15
1549984500000,4-0002,18875502822,1,13,0755,2019,2,12,23,15
1549984500000,14-0000,18875502827,1,13,0755,2019,2,12,23,15
1549984500000,23-0002,18875502834,1,13,0755,2019,2,12,23,15
1549984500000,8-0014,18875502835,1,13,0755,2019,2,12,23,15
1549984500000,21-0000,18875502837,1,13,0755,2019,2,12,23,15
1549984500000,24-0014,18875502848,1,13,0755,2019,2,12,23,15
1549984500000,22-0008,18875502849,1,13,0755,2019,2,12,23,15
1549984500000,13-0014,18875502853,1,13,0755,2019,2,12,23,15
1549984500000,7-0007,18875502858,1,13,0755,2019,2,12,23,15
1549984500000,11-0015,18875502880,1,13,0755,2019,2,12,23,15
1549984500000,23-0008,18875502881,1,13,0755,2019,2,12,23,15
1549984500000,11-0002,18875502888,1,13,0755,2019,2,12,23,15
1549984500000,13-0006,18875502893,1,13,0755,2019,2,12,23,15
1549984500000,24-0010,18875502896,1,13,0755,2019,2,12,23,15
1549984500000,17-0003,18875502899,1,13,0755,2019,2,12,23,15
1549984500000,19-0004,18875502915,2,13,0758,2019,2,12,23,15
1549984500000,21-0015,18875502952,1,13,0755,2019,2,12,23,15
1549984500000,16-0001,18875502953,1,13,0755,2019,2,12,23,15
1549984500000,13-0006,18875502965,1,13,0755,2019,2,12,23,15
1549984500000,23-0004,18875502969,1,13,0755,2019,2,12,23,15
1549984500000,8-0007,18875502971,1,13,0755,2019,2,12,23,15
1549984500000,23-0019,18875502995,1,13,0755,2019,2,12,23,15
1549984500000,17-0016,18875502998,1,13,0755,2019,2,12,23,15
1549984500000,19-0016,18875503008,3,24,0,2019,2,12,23,15
1549984500000,23-0018,18875503039,1,13,0755,2019,2,12,23,15
1549984500000,17-0003,18875503056,1,13,0755,2019,2,12,23,15
1549984500000,10-0004,18875503058,1,13,0755,2019,2,12,23,15
1549984500000,11-0003,18875503060,1,13,0755,2019,2,12,23,15
1549984500000,19-0005,18875503071,1,13,0755,2019,2,12,23,15
1549984500000,14-0014,18875503074,1,13,0755,2019,2,12,23,15
1549984500000,22-0008,18875503078,1,13,0755,2019,2,12,23,15
1549984500000,23-0017,18875503082,1,13,0755,2019,2,12,23,15
1549984500000,21-0004,18875503110,1,13,0755,2019,2,12,23,15
1549984500000,11-0014,18875503111,1,13,0755,2019,2,12,23,15
1549984500000,23-0017,18875503115,2,13,0758,2019,2,12,23,15
1549984500000,7-0000,18875503117,2,13,0752,2019,2,12,23,15
1549984500000,11-0011,18875503118,2,13,0757,2019,2,12,23,15
1549984500000,13-0007,18875503120,1,13,0755,2019,2,12,23,15
1549984500000,13-0001,18875503127,1,13,0755,2019,2,12,23,15
1549984500000,14-0018,18875503133,1,13,0755,2019,2,12,23,15
1549984500000,18-0014,18875503135,1,13,0755,2019,2,12,23,15
1549984500000,23-0010,18875503139,1,13,0755,2019,2,12,23,15
1549984500000,9-0009,18875503146,1,13,0755,2019,2,12,23,15
1549984500000,23-0016,18875503147,1,13,0755,2019,2,12,23,15
1549984500000,24-0006,18875503148,1,13,0755,2019,2,12,23,15
1549984500000,12-0002,18875503149,1,13,0755,2019,2,12,23,15
1549984500000,23-0009,18875503169,1,13,0755,2019,2,12,23,15
1549984500000,18-0000,18875503194,1,13,0755,2019,2,12,23,15
1549984500000,10-0013,18875503203,3,11,0,2019,2,12,23,15
1549984500000,5-0005,18875503216,2,13,0753,2019,2,12,23,15
1549984500000,21-0016,18875503222,1,13,0755,2019,2,12,23,15
1549984500000,14-0006,18875503227,1,13,0755,2019,2,12,23,15
1549984500000,18-0012,18875503237,1,13,0755,2019,2,12,23,15
1549984500000,8-0005,18875503248,1,13,0755,2019,2,12,23,15
1549984500000,13-0002,18875503259,1,13,0755,2019,2,12,23,15
1549984500000,22-0001,18875503267,1,13,0755,2019,2,12,23,15
1549984500000,14-0005,18875503306,3,21,0,2019,2,12,23,15
1549984500000,21-0005,18875503307,3,22,0,2019,2,12,23,15
1549984500000,13-0012,18875503313,2,13,020,2019,2,12,23,15
1549984500000,13-0004,18875503316,2,13,0753,2019,2,12,23,15
1549984500000,16-0001,18875503320,1,13,0755,2019,2,12,23,15
1549984500000,6-0012,18875503335,1,13,0755,2019,2,12,23,15
1549984500000,7-0014,18875503341,1,13,0755,2019,2,12,23,15
1549984500000,11-0002,18875503343,1,13,0755,2019,2,12,23,15
1549984500000,14-0005,18875503349,1,13,0755,2019,2,12,23,15
1549984500000,15-0006,18875503357,1,13,0755,2019,2,12,23,15
1549984500000,18-0007,18875503364,1,13,0755,2019,2,12,23,15
1549984500000,9-0000,18875503366,1,13,0755,2019,2,12,23,15
1549984500000,10-0013,18875503381,1,13,0755,2019,2,12,23,15
1549984500000,23-0006,18875503387,1,13,0755,2019,2,12,23,15
1549984500000,12-0006,18875503392,1,13,0755,2019,2,12,23,15
1549984500000,12-0005,18875503405,3,14,0,2019,2,12,23,15
1549984500000,16-0017,18875503407,3,22,0,2019,2,12,23,15
1549984500000,5-0017,18875503409,1,13,0755,2019,2,12,23,15
1549984500000,24-0003,18875503459,1,13,0755,2019,2,12,23,15
1549984500000,19-0006,18875503462,1,13,0755,2019,2,12,23,15
1549984500000,10-0009,18875503463,1,13,0755,2019,2,12,23,15
1549984500000,10-0001,18875503464,1,13,0755,2019,2,12,23,15
1549984500000,16-0017,18875503467,1,13,0755,2019,2,12,23,15
1549984500000,5-0016,18875503494,1,13,0755,2019,2,12,23,15
1549984500000,19-0004,18875503496,1,13,0755,2019,2,12,23,15
1549984500000,18-0003,18875503498,1,13,0755,2019,2,12,23,15
1549984500000,10-0000,18875503517,2,13,0752,2019,2,12,23,15
1549984500000,4-0014,18875503527,1,13,0755,2019,2,12,23,15
1549984500000,22-0001,18875503528,1,13,0755,2019,2,12,23,15
1549984500000,7-0017,18875503532,1,13,0755,2019,2,12,23,15
1549984500000,7-0009,18875503549,1,13,0755,2019,2,12,23,15
1549984500000,7-0002,18875503550,0,0,0,2019,2,12,23,15
1549984500000,6-0015,18875503573,1,13,0755,2019,2,12,23,15
1549984500000,23-0010,18875503580,1,13,0755,2019,2,12,23,15
1549984500000,13-0005,18875503585,1,13,0755,2019,2,12,23,15
1549984500000,14-0015,18875503593,1,13,0755,2019,2,12,23,15
1549984500000,4-0011,18875503599,1,13,0755,2019,2,12,23,15
1549984500000,24-0016,18875503625,1,13,0755,2019,2,12,23,15
1549984500000,4-0004,18875503630,1,13,0755,2019,2,12,23,15
1549984500000,16-0017,18875503636,1,13,0755,2019,2,12,23,15
1549984500000,14-0009,18875503638,1,13,0755,2019,2,12,23,15
1549984500000,18-0019,18875503640,1,13,0755,2019,2,12,23,15
1549984500000,4-0012,18875503650,0,0,0,2019,2,12,23,15
1549984500000,6-0016,18875503656,1,13,0755,2019,2,12,23,15
1549984500000,15-0010,18875503674,1,13,0755,2019,2,12,23,15
1549984500000,5-0012,18875503692,1,13,0755,2019,2,12,23,15
1549984500000,12-0015,18875503695,1,13,0755,2019,2,12,23,15
1549984500000,7-0004,18875503698,1,13,0755,2019,2,12,23,15
1549984500000,17-0012,18875503702,3,10,0,2019,2,12,23,15
1549984500000,22-0015,18875503704,3,12,0,2019,2,12,23,15
1549984500000,24-0005,18875503759,1,13,0755,2019,2,12,23,15
1549984500000,20-0009,18875503766,1,13,0755,2019,2,12,23,15
1549984500000,21-0009,18875503774,1,13,0755,2019,2,12,23,15
1549984500000,13-0013,18875503776,1,13,0755,2019,2,12,23,15
1549984500000,21-0019,18875503780,1,13,0755,2019,2,12,23,15
1549984500000,24-0003,18875503788,1,13,0755,2019,2,12,23,15
1549984500000,5-0006,18875503798,1,13,0755,2019,2,12,23,15
1549984500000,19-0017,18875503820,1,13,0755,2019,2,12,23,15
1549984500000,12-0004,18875503824,1,13,0755,2019,2,12,23,15
1549984500000,24-0015,18875503827,1,13,0755,2019,2,12,23,15
1549984500000,7-0011,18875503847,1,13,0755,2019,2,12,23,15
1549984500000,10-0012,18875503851,1,13,0755,2019,2,12,23,15
1549984500000,7-0000,18875503878,1,13,0755,2019,2,12,23,15
1549984500000,7-0004,18875503885,1,13,0755,2019,2,12,23,15
1549984500000,12-0016,18875503887,1,13,0755,2019,2,12,23,15
1549984500000,9-0013,18875503900,1,13,0755,2019,2,12,23,15
1549984500000,11-0014,18875503902,3,10,0,2019,2,12,23,15
1549984500000,18-0000,18875503916,2,13,0753,2019,2,12,23,15
1549984500000,24-0007,18875503934,1,13,0755,2019,2,12,23,15
1549984500000,12-0011,18875503943,1,13,0755,2019,2,12,23,15
1549984500000,19-0010,18875503945,1,13,0755,2019,2,12,23,15
1549984500000,20-0016,18875503946,1,13,0755,2019,2,12,23,15
1549984500000,17-0008,18875503947,1,13,0755,2019,2,12,23,15
1549984500000,24-0015,18875503969,1,13,0755,2019,2,12,23,15
1549984500000,17-0019,18875503985,1,13,0755,2019,2,12,23,15
1549984500000,23-0000,18875503996,1,13,0755,2019,2,12,23,15
1549984500000,9-0011,18875504016,2,13,0753,2019,2,12,23,15
1549984500000,10-0002,18875504021,1,13,0755,2019,2,12,23,15
1549984500000,20-0017,18875504022,1,13,0755,2019,2,12,23,15
1549984500000,17-0003,18875504029,1,13,0755,2019,2,12,23,15
1549984500000,16-0002,18875504031,1,13,0755,2019,2,12,23,15
1549984500000,21-0014,18875504037,1,13,0755,2019,2,12,23,15
1549984500000,22-0009,18875504059,1,13,0755,2019,2,12,23,15
1549984500000,21-0010,18875504074,1,13,0755,2019,2,12,23,15
1549984500000,21-0012,18875504096,1,13,0755,2019,2,12,23,15
1549984500000,10-0015,18875504115,2,13,0758,2019,2,12,23,15
1549984500000,8-0017,18875504141,1,13,0755,2019,2,12,23,15
1549984500000,14-0013,18875504144,1,13,0755,2019,2,12,23,15
1549984500000,10-0009,18875504145,1,13,0755,2019,2,12,23,15
1549984500000,20-0001,18875504164,1,13,0755,2019,2,12,23,15
1549984500000,19-0009,18875504165,1,13,0755,2019,2,12,23,15
1549984500000,9-0014,18875504171,1,13,0755,2019,2,12,23,15
1549984500000,19-0010,18875504176,1,13,0755,2019,2,12,23,15
1549984500000,23-0012,18875504196,1,13,0755,2019,2,12,23,15
1549984500000,12-0000,18875504210,1,13,0755,2019,2,12,23,15
1549984500000,18-0011,18875504215,2,13,0758,2019,2,12,23,15
1549984500000,19-0013,18875504224,1,13,0755,2019,2,12,23,15
1549984500000,24-0019,18875504227,1,13,0755,2019,2,12,23,15
1549984500000,16-0002,18875504232,1,13,0755,2019,2,12,23,15
1549984500000,12-0018,18875504239,1,13,0755,2019,2,12,23,15
1549984500000,24-0000,18875504243,1,13,0755,2019,2,12,23,15
1549984500000,19-0007,18875504246,1,13,0755,2019,2,12,23,15
1549984500000,22-0014,18875504250,0,0,0,2019,2,12,23,15
1549984500000,5-0005,18875504260,1,13,0755,2019,2,12,23,15
1549984500000,14-0010,18875504281,1,13,0755,2019,2,12,23,15
1549984500000,24-0001,18875504282,1,13,0755,2019,2,12,23,15
1549984500000,6-0011,18875504298,1,13,0755,2019,2,12,23,15
1549984500000,19-0002,18875504301,4,0,0,2019,2,12,23,15
1549984500000,8-0014,18875504328,1,13,0755,2019,2,12,23,15
1549984500000,19-0007,18875504370,1,13,0755,2019,2,12,23,15
1549984500000,23-0007,18875504382,1,13,0755,2019,2,12,23,15
1549984500000,6-0017,18875504404,3,12,0,2019,2,12,23,15
1549984500000,13-0003,18875504411,1,13,0755,2019,2,12,23,15
1549984500000,7-0014,18875504418,2,13,0757,2019,2,12,23,15
1549984500000,11-0007,18875504419,1,13,0755,2019,2,12,23,15
1549984500000,6-0010,18875504435,1,13,0755,2019,2,12,23,15
1549984500000,4-0009,18875504444,1,13,0755,2019,2,12,23,15
1549984500000,20-0013,18875504454,1,13,0755,2019,2,12,23,15
1549984500000,9-0003,18875504480,1,13,0755,2019,2,12,23,15
1549984500000,20-0001,18875504481,1,13,0755,2019,2,12,23,15
1549984500000,15-0002,18875504489,1,13,0755,2019,2,12,23,15
1549984500000,12-0002,18875504503,3,11,0,2019,2,12,23,15
1549984500000,23-0008,18875504504,3,12,0,2019,2,12,23,15
1549984500000,7-0013,18875504523,1,13,0755,2019,2,12,23,15
1549984500000,17-0005,18875504527,1,13,0755,2019,2,12,23,15
1549984500000,20-0013,18875504529,1,13,0755,2019,2,12,23,15
1549984500000,14-0008,18875504530,1,13,0755,2019,2,12,23,15
1549984500000,9-0016,18875504548,1,13,0755,2019,2,12,23,15
1549984500000,5-0011,18875504554,1,13,0755,2019,2,12,23,15
1549984500000,21-0004,18875504556,1,13,0755,2019,2,12,23,15
1549984500000,6-0013,18875504558,1,13,0755,2019,2,12,23,15
1549984500000,21-0009,18875504573,1,13,0755,2019,2,12,23,15
1549984500000,19-0014,18875504590,1,13,0755,2019,2,12,23,15
1549984500000,12-0014,18875504609,1,13,0755,2019,2,12,23,15
1549984500000,8-0004,18875504624,1,13,0755,2019,2,12,23,15
1549984500000,10-0009,18875504628,1,13,0755,2019,2,12,23,15
1549984500000,15-0004,18875504629,1,13,0755,2019,2,12,23,15
1549984500000,7-0018,18875504636,1,13,0755,2019,2,12,23,15
1549984500000,5-0017,18875504646,1,13,0755,2019,2,12,23,15
1549984500000,16-0010,18875504665,1,13,0755,2019,2,12,23,15
1549984500000,22-0014,18875504669,1,13,0755,2019,2,12,23,15
1549984500000,14-0012,18875504671,1,13,0755,2019,2,12,23,15
1549984500000,8-0016,18875504674,1,13,0755,2019,2,12,23,15
1549984500000,13-0007,18875504687,1,13,0755,2019,2,12,23,15
1549984500000,15-0015,18875504693,1,13,0755,2019,2,12,23,15
1549984500000,24-0007,18875504717,2,13,0752,2019,2,12,23,15
1549984500000,16-0000,18875504747,1,13,0755,2019,2,12,23,15
1549984500000,16-0013,18875504762,1,13,0755,2019,2,12,23,15
1549984500000,5-0005,18875504764,1,13,0755,2019,2,12,23,15
1549984500000,18-0002,18875504772,1,13,0755,2019,2,12,23,15
1549984500000,7-0018,18875504783,1,13,0755,2019,2,12,23,15
1549984500000,6-0011,18875504785,1,13,0755,2019,2,12,23,15
1549984500000,19-0002,18875504787,1,13,0755,2019,2,12,23,15
1549984500000,11-0017,18875504788,1,13,0755,2019,2,12,23,15
1549984500000,22-0007,18875504791,1,13,0755,2019,2,12,23,15
1549984500000,23-0018,18875504794,1,13,0755,2019,2,12,23,15
1549984500000,12-0013,18875504797,1,13,0755,2019,2,12,23,15
1549984500000,24-0003,18875504803,3,11,0,2019,2,12,23,15
1549984500000,13-0009,18875504819,1,13,0755,2019,2,12,23,15
1549984500000,13-0010,18875504824,1,13,0755,2019,2,12,23,15
1549984500000,16-0009,18875504825,1,13,0755,2019,2,12,23,15
1549984500000,9-0017,18875504834,1,13,0755,2019,2,12,23,15
1549984500000,9-0016,18875504836,1,13,0755,2019,2,12,23,15
1549984500000,7-0017,18875504861,1,13,0755,2019,2,12,23,15
1549984500000,5-0018,18875504878,1,13,0755,2019,2,12,23,15
1549984500000,6-0015,18875504892,1,13,0755,2019,2,12,23,15
1549984500000,7-0019,18875504906,3,21,0,2019,2,12,23,15
1549984500000,5-0004,18875504930,1,13,0755,2019,2,12,23,15
1549984500000,5-0003,18875504935,1,13,0755,2019,2,12,23,15
1549984500000,11-0002,18875504941,1,13,0755,2019,2,12,23,15
1549984500000,17-0010,18875504946,1,13,0755,2019,2,12,23,15
1549984500000,19-0017,18875504964,1,13,0755,2019,2,12,23,15
1549984500000,20-0009,18875504971,1,13,0755,2019,2,12,23,15
1549984500000,5-0011,18875504996,1,13,0755,2019,2,12,23,15
1549984500000,17-0009,18875505010,1,13,0755,2019,2,12,23,15
1549984500000,10-0016,18875505019,1,13,0755,2019,2,12,23,15
1549984500000,5-0002,18875505020,1,13,0755,2019,2,12,23,15
1549984500000,23-0019,18875505026,1,13,0755,2019,2,12,23,15
1549984500000,23-0007,18875505041,1,13,0755,2019,2,12,23,15
1549984500000,17-0000,18875505042,1,13,0755,2019,2,12,23,15
1549984500000,11-0003,18875505049,1,13,0755,2019,2,12,23,15
1549984500000,6-0017,18875505061,1,13,0755,2019,2,12,23,15
1549984500000,11-0017,18875505063,1,13,0755,2019,2,12,23,15
1549984500000,15-0007,18875505065,1,13,0755,2019,2,12,23,15
1549984500000,6-0003,18875505075,1,13,0755,2019,2,12,23,15
1549984500000,15-0016,18875505088,1,13,0755,2019,2,12,23,15
1549984500000,17-0009,18875505093,1,13,0755,2019,2,12,23,15
1549984500000,23-0016,18875505101,4,0,0,2019,2,12,23,15
1549984500000,24-0015,18875505105,3,14,0,2019,2,12,23,15
1549984500000,6-0018,18875505108,3,24,0,2019,2,12,23,15
1549984500000,20-0009,18875505114,2,13,0750,2019,2,12,23,15
1549984500000,18-0000,18875505124,1,13,0755,2019,2,12,23,15
1549984500000,13-0004,18875505125,1,13,0755,2019,2,12,23,15
1549984500000,16-0000,18875505132,1,13,0755,2019,2,12,23,15
1549984500000,5-0004,18875505134,1,13,0755,2019,2,12,23,15
1549984500000,15-0000,18875505140,1,13,0755,2019,2,12,23,15
1549984500000,24-0014,18875505145,1,13,0755,2019,2,12,23,15
1549984500000,23-0018,18875505164,1,13,0755,2019,2,12,23,15
1549984500000,22-0001,18875505167,1,13,0755,2019,2,12,23,15
1549984500000,15-0011,18875505168,1,13,0755,2019,2,12,23,15
1549984500000,9-0019,18875505173,1,13,0755,2019,2,12,23,15
1549984500000,19-0007,18875505180,1,13,0755,2019,2,12,23,15
1549984500000,8-0005,18875505201,4,0,0,2019,2,12,23,15
1549984500000,12-0008,18875505212,1,13,0755,2019,2,12,23,15
1549984500000,23-0007,18875505227,1,13,0755,2019,2,12,23,15
1549984500000,15-0009,18875505237,1,13,0755,2019,2,12,23,15
1549984500000,11-0018,18875505243,1,13,0755,2019,2,12,23,15
1549984500000,9-0007,18875505245,1,13,0755,2019,2,12,23,15
1549984500000,15-0011,18875505248,1,13,0755,2019,2,12,23,15
1549984500000,18-0015,18875505249,1,13,0755,2019,2,12,23,15
1549984500000,24-0001,18875505256,1,13,0755,2019,2,12,23,15
1549984500000,17-0016,18875505261,1,13,0755,2019,2,12,23,15
1549984500000,17-0009,18875505266,1,13,0755,2019,2,12,23,15
1549984500000,10-0019,18875505268,1,13,0755,2019,2,12,23,15
1549984500000,9-0007,18875505270,1,13,0755,2019,2,12,23,15
1549984500000,19-0006,18875505273,1,13,0755,2019,2,12,23,15
1549984500000,6-0006,18875505274,1,13,0755,2019,2,12,23,15
1549984500000,15-0018,18875505291,1,13,0755,2019,2,12,23,15
1549984500000,10-0012,18875505295,1,13,0755,2019,2,12,23,15
1549984500000,14-0003,18875505314,2,13,0750,2019,2,12,23,15
1549984500000,24-0005,18875505318,2,13,0757,2019,2,12,23,15
1549984500000,8-0016,18875505346,1,13,0755,2019,2,12,23,15
1549984500000,21-0000,18875505355,1,13,0755,2019,2,12,23,15
1549984500000,11-0009,18875505380,1,13,0755,2019,2,12,23,15
1549984500000,22-0004,18875505385,1,13,0755,2019,2,12,23,15
1549984500000,9-0013,18875505391,1,13,0755,2019,2,12,23,15
1549984500000,20-0006,18875505396,1,13,0755,2019,2,12,23,15
1549984500000,23-0000,18875505404,3,12,0,2019,2,12,23,15
1549984500000,4-0011,18875505406,3,21,0,2019,2,12,23,15
1549984500000,15-0017,18875505408,3,24,0,2019,2,12,23,15
1549984500000,4-0008,18875505418,2,13,0757,2019,2,12,23,15
1549984500000,16-0003,18875505437,1,13,0755,2019,2,12,23,15
1549984500000,6-0016,18875505453,1,13,0755,2019,2,12,23,15
1549984500000,5-0013,18875505469,1,13,0755,2019,2,12,23,15
1549984500000,5-0004,18875505477,1,13,0755,2019,2,12,23,15
1549984500000,7-0003,18875505489,1,13,0755,2019,2,12,23,15
1549984500000,24-0017,18875505493,1,13,0755,2019,2,12,23,15
1549984500000,5-0019,18875505497,1,13,0755,2019,2,12,23,15
1549984500000,14-0002,18875505498,1,13,0755,2019,2,12,23,15
1549984500000,22-0007,18875505512,1,13,0755,2019,2,12,23,15
1549984500000,19-0008,18875505515,2,13,0758,2019,2,12,23,15
1549984500000,11-0009,18875505516,2,13,0753,2019,2,12,23,15
1549984500000,11-0018,18875505518,2,13,0757,2019,2,12,23,15
1549984500000,10-0012,18875505531,1,13,0755,2019,2,12,23,15
1549984500000,7-0003,18875505538,1,13,0755,2019,2,12,23,15
1549984500000,16-0011,18875505542,1,13,0755,2019,2,12,23,15
1549984500000,13-0017,18875505566,1,13,0755,2019,2,12,23,15
1549984500000,7-0002,18875505570,1,13,0755,2019,2,12,23,15
1549984500000,12-0019,18875505571,1,13,0755,2019,2,12,23,15
1549984500000,23-0007,18875505573,1,13,0755,2019,2,12,23,15
1549984500000,5-0006,18875505586,1,13,0755,2019,2,12,23,15
1549984500000,16-0014,18875505597,1,13,0755,2019,2,12,23,15
1549984500000,4-0010,18875505615,2,13,0758,2019,2,12,23,15
1549984500000,11-0006,18875505635,1,13,0755,2019,2,12,23,15
1549984500000,20-0015,18875505640,1,13,0755,2019,2,12,23,15
1549984500000,20-0007,18875505646,1,13,0755,2019,2,12,23,15
1549984500000,12-0007,18875505655,1,13,0755,2019,2,12,23,15
1549984500000,9-0011,18875505656,1,13,0755,2019,2,12,23,15
1549984500000,11-0007,18875505657,1,13,0755,2019,2,12,23,15
1549984500000,5-0015,18875505672,1,13,0755,2019,2,12,23,15
1549984500000,17-0011,18875505673,1,13,0755,2019,2,12,23,15
1549984500000,4-0018,18875505687,1,13,0755,2019,2,12,23,15
1549984500000,11-0013,18875505707,3,22,0,2019,2,12,23,15
1549984500000,9-0015,18875505709,1,13,0755,2019,2,12,23,15
1549984500000,12-0010,18875505710,1,13,0755,2019,2,12,23,15
1549984500000,22-0011,18875505721,1,13,0755,2019,2,12,23,15
1549984500000,19-0009,18875505722,1,13,0755,2019,2,12,23,15
1549984500000,5-0015,18875505748,1,13,0755,2019,2,12,23,15
1549984500000,5-0014,18875505752,1,13,0755,2019,2,12,23,15
1549984500000,8-0006,18875505758,1,13,0755,2019,2,12,23,15
1549984500000,15-0004,18875505792,1,13,0755,2019,2,12,23,15
1549984500000,9-0019,18875505839,1,13,0755,2019,2,12,23,15
1549984500000,18-0009,18875505856,1,13,0755,2019,2,12,23,15
1549984500000,23-0008,18875505860,1,13,0755,2019,2,12,23,15
1549984500000,12-0012,18875505869,1,13,0755,2019,2,12,23,15
1549984500000,9-0015,18875505876,1,13,0755,2019,2,12,23,15
1549984500000,12-0007,18875505881,1,13,0755,2019,2,12,23,15
1549984500000,22-0017,18875505893,1,13,0755,2019,2,12,23,15
1549984500000,13-0018,18875505907,3,22,0,2019,2,12,23,15
1549984500000,4-0014,18875505910,1,13,0755,2019,2,12,23,15
1549984500000,13-0013,18875505918,2,13,0757,2019,2,12,23,15
1549984500000,19-0000,18875505928,1,13,0755,2019,2,12,23,15
1549984500000,10-0008,18875505934,1,13,0755,2019,2,12,23,15
1549984500000,17-0008,18875505946,1,13,0755,2019,2,12,23,15
1549984500000,9-0009,18875505970,1,13,0755,2019,2,12,23,15
1549984500000,12-0012,18875505974,1,13,0755,2019,2,12,23,15
1549984500000,15-0018,18875505975,1,13,0755,2019,2,12,23,15
1549984500000,9-0006,18875505998,1,13,0755,2019,2,12,23,15
1549984500000,22-0007,18875506000,1,13,0755,2019,2,12,23,15
1549984500000,8-0010,18875506021,1,13,0755,2019,2,12,23,15
1549984500000,5-0018,18875506036,1,13,0755,2019,2,12,23,15
1549984500000,23-0014,18875506042,1,13,0755,2019,2,12,23,15
1549984500000,16-0003,18875506047,1,13,0755,2019,2,12,23,15
1549984500000,12-0001,18875506051,1,13,0755,2019,2,12,23,15
1549984500000,19-0010,18875506055,1,13,0755,2019,2,12,23,15
1549984500000,24-0016,18875506056,1,13,0755,2019,2,12,23,15
1549984500000,23-0006,18875506061,1,13,0755,2019,2,12,23,15
1549984500000,23-0003,18875506070,1,13,0755,2019,2,12,23,15
1549984500000,12-0009,18875506072,1,13,0755,2019,2,12,23,15
1549984500000,11-0014,18875506089,1,13,0755,2019,2,12,23,15
1549984500000,20-0012,18875506091,1,13,0755,2019,2,12,23,15
1549984500000,12-0004,18875506106,3,21,0,2019,2,12,23,15
1549984500000,17-0017,18875506109,1,13,0755,2019,2,12,23,15
1549984500000,7-0012,18875506120,1,13,0755,2019,2,12,23,15
1549984500000,5-0015,18875506127,1,13,0755,2019,2,12,23,15
1549984500000,14-0010,18875506128,1,13,0755,2019,2,12,23,15
1549984500000,15-0013,18875506132,1,13,0755,2019,2,12,23,15
1549984500000,24-0009,18875506147,1,13,0755,2019,2,12,23,15
1549984500000,9-0005,18875506150,0,0,0,2019,2,12,23,15
1549984500000,21-0014,18875506156,1,13,0755,2019,2,12,23,15
1549984500000,7-0006,18875506181,1,13,0755,2019,2,12,23,15
1549984500000,9-0019,18875506185,1,13,0755,2019,2,12,23,15
1549984500000,9-0011,18875506187,1,13,0755,2019,2,12,23,15
1549984500000,10-0012,18875506191,1,13,0755,2019,2,12,23,15
1549984500000,13-0006,18875506196,1,13,0755,2019,2,12,23,15
1549984500000,13-0015,18875506197,1,13,0755,2019,2,12,23,15
1549984500000,9-0019,18875506217,2,13,0752,2019,2,12,23,15
1549984500000,13-0018,18875506234,1,13,0755,2019,2,12,23,15
1549984500000,8-0015,18875506239,1,13,0755,2019,2,12,23,15
1549984500000,20-0019,18875506242,1,13,0755,2019,2,12,23,15
1549984500000,15-0010,18875506252,1,13,0755,2019,2,12,23,15
1549984500000,13-0014,18875506254,1,13,0755,2019,2,12,23,15
1549984500000,5-0016,18875506255,1,13,0755,2019,2,12,23,15
1549984500000,16-0009,18875506266,1,13,0755,2019,2,12,23,15
1549984500000,18-0016,18875506295,1,13,0755,2019,2,12,23,15
1549984500000,24-0014,18875506297,1,13,0755,2019,2,12,23,15
1549984500000,22-0008,18875506331,1,13,0755,2019,2,12,23,15
1549984500000,10-0018,18875506338,1,13,0755,2019,2,12,23,15
1549984500000,12-0010,18875506363,1,13,0755,2019,2,12,23,15
1549984500000,13-0000,18875506367,1,13,0755,2019,2,12,23,15
1549984500000,21-0013,18875506377,1,13,0755,2019,2,12,23,15
1549984500000,11-0001,18875506380,1,13,0755,2019,2,12,23,15
1549984500000,14-0019,18875506381,1,13,0755,2019,2,12,23,15
1549984500000,14-0018,18875506396,1,13,0755,2019,2,12,23,15
1549984500000,23-0013,18875506416,2,13,0753,2019,2,12,23,15
1549984500000,10-0018,18875506421,1,13,0755,2019,2,12,23,15
1549984500000,23-0002,18875506433,1,13,0755,2019,2,12,23,15
1549984500000,13-0001,18875506452,1,13,0755,2019,2,12,23,15
1549984500000,9-0010,18875506466,1,13,0755,2019,2,12,23,15
1549984500000,20-0015,18875506467,1,13,0755,2019,2,12,23,15
1549984500000,22-0019,18875506468,1,13,0755,2019,2,12,23,15
1549984500000,20-0017,18875506490,1,13,0755,2019,2,12,23,15
1549984500000,7-0019,18875506491,1,13,0755,2019,2,12,23,15
1549984500000,16-0012,18875506496,1,13,0755,2019,2,12,23,15
1549984500000,22-0006,18875506497,1,13,0755,2019,2,12,23,15
1549984500000,9-0001,18875506498,1,13,0755,2019,2,12,23,15
1549984500000,9-0007,18875506499,1,13,0755,2019,2,12,23,15
1549984500000,13-0000,18875506505,3,14,0,2019,2,12,23,15
1549984500000,21-0009,18875506514,2,13,0750,2019,2,12,23,15
1549984500000,17-0016,18875506527,1,13,0755,2019,2,12,23,15
1549984500000,16-0018,18875506531,1,13,0755,2019,2,12,23,15
1549984500000,21-0017,18875506551,1,13,0755,2019,2,12,23,15
1549984500000,19-0000,18875506565,1,13,0755,2019,2,12,23,15
1549984500000,19-0016,18875506581,1,13,0755,2019,2,12,23,15
1549984500000,7-0011,18875506595,1,13,0755,2019,2,12,23,15
1549984500000,23-0001,18875506605,3,14,0,2019,2,12,23,15
1549984500000,8-0009,18875506632,1,13,0755,2019,2,12,23,15
1549984500000,22-0010,18875506642,1,13,0755,2019,2,12,23,15
1549984500000,6-0011,18875506655,1,13,0755,2019,2,12,23,15
1549984500000,18-0004,18875506664,1,13,0755,2019,2,12,23,15
1549984500000,17-0006,18875506667,1,13,0755,2019,2,12,23,15
1549984500000,22-0009,18875506674,1,13,0755,2019,2,12,23,15
1549984500000,17-0006,18875506677,1,13,0755,2019,2,12,23,15
1549984500000,8-0017,18875506680,1,13,0755,2019,2,12,23,15
1549984500000,18-0012,18875506685,1,13,0755,2019,2,12,23,15
1549984500000,9-0012,18875506688,1,13,0755,2019,2,12,23,15
1549984500000,18-0015,18875506692,1,13,0755,2019,2,12,23,15
1549984500000,13-0006,18875506695,1,13,0755,2019,2,12,23,15
1549984500000,14-0009,18875506722,1,13,0755,2019,2,12,23,15
1549984500000,7-0000,18875506724,1,13,0755,2019,2,12,23,15
1549984500000,12-0001,18875506725,1,13,0755,2019,2,12,23,15
1549984500000,12-0019,18875506736,1,13,0755,2019,2,12,23,15
1549984500000,7-0015,18875506742,1,13,0755,2019,2,12,23,15
1549984500000,15-0013,18875506743,1,13,0755,2019,2,12,23,15
1549984500000,10-0015,18875506745,1,13,0755,2019,2,12,23,15
1549984500000,22-0019,18875506752,1,13,0755,2019,2,12,23,15
1549984500000,14-0013,18875506766,1,13,0755,2019,2,12,23,15
1549984500000,17-0008,18875506767,1,13,0755,2019,2,12,23,15
1549984500000,5-0002,18875506769,1,13,0755,2019,2,12,23,15
1549984500000,17-0013,18875506783,1,13,0755,2019,2,12,23,15
1549984500000,24-0014,18875506788,1,13,0755,2019,2,12,23,15
1549984500000,14-0003,18875506793,1,13,0755,2019,2,12,23,15
1549984500000,14-0012,18875506796,1,13,0755,2019,2,12,23,15
1549984500000,10-0005,18875506800,1,13,0755,2019,2,12,23,15
1549984500000,7-0005,18875506816,2,13,0753,2019,2,12,23,15
1549984500000,5-0001,18875506820,1,13,0755,2019,2,12,23,15
1549984500000,9-0009,18875506823,1,13,0755,2019,2,12,23,15
1549984500000,12-0017,18875506833,1,13,0755,2019,2,12,23,15
1549984500000,24-0009,18875506838,1,13,0755,2019,2,12,23,15
1549984500000,17-0001,18875506858,1,13,0755,2019,2,12,23,15
1549984500000,10-0017,18875506862,1,13,0755,2019,2,12,23,15
1549984500000,5-0015,18875506866,1,13,0755,2019,2,12,23,15
1549984500000,21-0005,18875506873,1,13,0755,2019,2,12,23,15
1549984500000,9-0002,18875506884,1,13,0755,2019,2,12,23,15
1549984500000,14-0015,18875506892,1,13,0755,2019,2,12,23,15
1549984500000,18-0005,18875506894,1,13,0755,2019,2,12,23,15
1549984500000,6-0007,18875506900,1,13,0755,2019,2,12,23,15
1549984500000,6-0007,18875506914,2,13,0750,2019,2,12,23,15
1549984500000,20-0010,18875506928,1,13,0755,2019,2,12,23,15
1549984500000,20-0013,18875506931,1,13,0755,2019,2,12,23,15
1549984500000,18-0005,18875506962,1,13,0755,2019,2,12,23,15
1549984500000,24-0014,18875506975,1,13,0755,2019,2,12,23,15
1549984500000,12-0003,18875506984,1,13,0755,2019,2,12,23,15
1549984500000,10-0004,18875506996,1,13,0755,2019,2,12,23,15
1549984500000,5-0018,18875506997,1,13,0755,2019,2,12,23,15
1549984500000,10-0006,18875506998,1,13,0755,2019,2,12,23,15
1549984500000,6-0015,18875507003,3,11,0,2019,2,12,23,15
1549984500000,6-0015,18875507014,2,13,0750,2019,2,12,23,15
1549984500000,14-0011,18875507018,2,13,0757,2019,2,12,23,15
1549984500000,15-0018,18875507030,1,13,0755,2019,2,12,23,15
1549984500000,18-0011,18875507036,1,13,0755,2019,2,12,23,15
1549984500000,9-0005,18875507055,1,13,0755,2019,2,12,23,15
1549984500000,11-0015,18875507058,1,13,0755,2019,2,12,23,15
1549984500000,4-0012,18875507070,1,13,0755,2019,2,12,23,15
1549984500000,16-0018,18875507072,1,13,0755,2019,2,12,23,15
1549984500000,20-0008,18875507093,1,13,0755,2019,2,12,23,15
1549984500000,12-0006,18875507097,1,13,0755,2019,2,12,23,15
1549984500000,4-0015,18875507100,1,13,0755,2019,2,12,23,15
1549984500000,22-0015,18875507106,3,21,0,2019,2,12,23,15
1549984500000,7-0012,18875507117,2,13,0752,2019,2,12,23,15
1549984500000,14-0019,18875507123,1,13,0755,2019,2,12,23,15
1549984500000,7-0001,18875507129,1,13,0755,2019,2,12,23,15
1549984500000,9-0006,18875507136,1,13,0755,2019,2,12,23,15
1549984500000,22-0015,18875507137,1,13,0755,2019,2,12,23,15
1549984500000,23-0012,18875507139,1,13,0755,2019,2,12,23,15
1549984500000,16-0003,18875507159,1,13,0755,2019,2,12,23,15
1549984500000,7-0018,18875507164,1,13,0755,2019,2,12,23,15
1549984500000,6-0004,18875507166,1,13,0755,2019,2,12,23,15
1549984500000,12-0014,18875507169,1,13,0755,2019,2,12,23,15
1549984500000,13-0013,18875507177,1,13,0755,2019,2,12,23,15
1549984500000,5-0008,18875507180,1,13,0755,2019,2,12,23,15
1549984500000,11-0002,18875507181,1,13,0755,2019,2,12,23,15
1549984500000,8-0003,18875507182,1,13,0755,2019,2,12,23,15
1549984500000,12-0012,18875507200,1,13,0755,2019,2,12,23,15
1549984500000,23-0010,18875507208,3,24,0,2019,2,12,23,15
1549984500000,8-0008,18875507227,1,13,0755,2019,2,12,23,15
1549984500000,22-0014,18875507238,1,13,0755,2019,2,12,23,15
1549984500000,4-0012,18875507254,1,13,0755,2019,2,12,23,15
1549984500000,8-0012,18875507269,1,13,0755,2019,2,12,23,15
1549984500000,24-0019,18875507281,1,13,0755,2019,2,12,23,15
1549984500000,18-0000,18875507289,1,13,0755,2019,2,12,23,15
1549984500000,7-0009,18875507302,3,10,0,2019,2,12,23,15
1549984500000,12-0015,18875507316,2,13,0753,2019,2,12,23,15
1549984500000,18-0006,18875507319,1,13,0755,2019,2,12,23,15
1549984500000,17-0003,18875507326,1,13,0755,2019,2,12,23,15
1549984500000,18-0015,18875507347,1,13,0755,2019,2,12,23,15
1549984500000,9-0010,18875507358,1,13,0755,2019,2,12,23,15
1549984500000,12-0003,18875507383,1,13,0755,2019,2,12,23,15
1549984500000,17-0017,18875507385,1,13,0755,2019,2,12,23,15
1549984500000,9-0001,18875507402,3,10,0,2019,2,12,23,15
1549984500000,14-0017,18875507404,3,12,0,2019,2,12,23,15
1549984500000,18-0017,18875507415,2,13,0758,2019,2,12,23,15
1549984500000,6-0004,18875507420,1,13,0755,2019,2,12,23,15
1549984500000,11-0015,18875507433,1,13,0755,2019,2,12,23,15
1549984500000,13-0019,18875507444,1,13,0755,2019,2,12,23,15
1549984500000,7-0015,18875507448,1,13,0755,2019,2,12,23,15
1549984500000,6-0000,18875507459,1,13,0755,2019,2,12,23,15
1549984500000,21-0016,18875507472,1,13,0755,2019,2,12,23,15
1549984500000,20-0013,18875507496,1,13,0755,2019,2,12,23,15
1549984500000,23-0003,18875507499,1,13,0755,2019,2,12,23,15
1549984500000,7-0012,18875507504,3,12,0,2019,2,12,23,15
1549984500000,5-0005,18875507507,3,22,0,2019,2,12,23,15
1549984500000,12-0004,18875507515,2,13,0758,2019,2,12,23,15
1549984500000,9-0002,18875507520,1,13,0755,2019,2,12,23,15
1549984500000,5-0006,18875507545,1,13,0755,2019,2,12,23,15
1549984500000,17-0003,18875507550,0,0,0,2019,2,12,23,15
1549984500000,5-0006,18875507552,1,13,0755,2019,2,12,23,15
1549984500000,17-0011,18875507565,1,13,0755,2019,2,12,23,15
1549984500000,15-0000,18875507566,1,13,0755,2019,2,12,23,15
1549984500000,17-0005,18875507569,1,13,0755,2019,2,12,23,15
1549984500000,10-0017,18875507572,1,13,0755,2019,2,12,23,15
1549984500000,24-0017,18875507580,1,13,0755,2019,2,12,23,15
1549984500000,23-0018,18875507592,1,13,0755,2019,2,12,23,15
1549984500000,21-0001,18875507604,3,12,0,2019,2,12,23,15
1549984500000,18-0010,18875507622,1,13,0755,2019,2,12,23,15
1549984500000,16-0002,18875507629,1,13,0755,2019,2,12,23,15
1549984500000,21-0004,18875507635,1,13,0755,2019,2,12,23,15
1549984500000,21-0018,18875507649,1,13,0755,2019,2,12,23,15
1549984500000,20-0013,18875507659,1,13,0755,2019,2,12,23,15
1549984500000,19-0008,18875507684,1,13,0755,2019,2,12,23,15
1549984500000,13-0005,18875507686,1,13,0755,2019,2,12,23,15
1549984500000,8-0013,18875507709,1,13,0755,2019,2,12,23,15
1549984500000,17-0014,18875507711,1,13,0755,2019,2,12,23,15
1549984500000,24-0000,18875507722,1,13,0755,2019,2,12,23,15
1549984500000,8-0014,18875507729,1,13,0755,2019,2,12,23,15
1549984500000,17-0019,18875507732,1,13,0755,2019,2,12,23,15
1549984500000,19-0004,18875507746,1,13,0755,2019,2,12,23,15
1549984500000,24-0002,18875507755,1,13,0755,2019,2,12,23,15
1549984500000,18-0018,18875507759,1,13,0755,2019,2,12,23,15
1549984500000,4-0013,18875507760,1,13,0755,2019,2,12,23,15
1549984500000,19-0006,18875507765,1,13,0755,2019,2,12,23,15
1549984500000,20-0001,18875507767,1,13,0755,2019,2,12,23,15
1549984500000,6-0013,18875507776,1,13,0755,2019,2,12,23,15
1549984500000,23-0018,18875507822,1,13,0755,2019,2,12,23,15
1549984500000,5-0001,18875507823,1,13,0755,2019,2,12,23,15
1549984500000,10-0018,18875507827,1,13,0755,2019,2,12,23,15
1549984500000,6-0006,18875507837,1,13,0755,2019,2,12,23,15
1549984500000,5-0010,18875507843,1,13,0755,2019,2,12,23,15
1549984500000,4-0008,18875507844,1,13,0755,2019,2,12,23,15
1549984500000,15-0009,18875507851,1,13,0755,2019,2,12,23,15
1549984500000,22-0000,18875507854,1,13,0755,2019,2,12,23,15
1549984500000,24-0005,18875507855,1,13,0755,2019,2,12,23,15
1549984500000,21-0006,18875507874,1,13,0755,2019,2,12,23,15
1549984500000,4-0000,18875507885,1,13,0755,2019,2,12,23,15
1549984500000,11-0011,18875507897,1,13,0755,2019,2,12,23,15
1549984500000,19-0012,18875507914,2,13,0750,2019,2,12,23,15
1549984500000,16-0012,18875507918,2,13,0757,2019,2,12,23,15
1549984500000,5-0015,18875507919,1,13,0755,2019,2,12,23,15
1549984500000,12-0012,18875507922,1,13,0755,2019,2,12,23,15
1549984500000,11-0016,18875507928,1,13,0755,2019,2,12,23,15
1549984500000,13-0000,18875507939,1,13,0755,2019,2,12,23,15
1549984500000,16-0003,18875507942,1,13,0755,2019,2,12,23,15
1549984500000,24-0010,18875507947,1,13,0755,2019,2,12,23,15
1549984500000,17-0006,18875507950,0,0,0,2019,2,12,23,15
1549984500000,12-0013,18875507952,1,13,0755,2019,2,12,23,15
1549984500000,18-0017,18875507953,1,13,0755,2019,2,12,23,15
1549984500000,9-0015,18875507954,1,13,0755,2019,2,12,23,15
1549984500000,13-0014,18875507961,1,13,0755,2019,2,12,23,15
1549984500000,17-0005,18875507963,1,13,0755,2019,2,12,23,15
1549984500000,10-0006,18875507968,1,13,0755,2019,2,12,23,15
1549984500000,17-0011,18875507985,1,13,0755,2019,2,12,23,15
1549984500000,7-0008,18875507989,1,13,0755,2019,2,12,23,15
1549984500000,10-0012,18875508001,4,0,0,2019,2,12,23,15
1549984500000,11-0017,18875508012,1,13,0755,2019,2,12,23,15
1549984500000,18-0014,18875508029,1,13,0755,2019,2,12,23,15
1549984500000,11-0017,18875508044,1,13,0755,2019,2,12,23,15
1549984500000,16-0002,18875508092,1,13,0755,2019,2,12,23,15
1549984500000,24-0005,18875508099,1,13,0755,2019,2,12,23,15
1549984500000,11-0012,18875508103,3,11,0,2019,2,12,23,15
1549984500000,11-0007,18875508111,1,13,0755,2019,2,12,23,15
1549984500000,24-0016,18875508116,2,13,0753,2019,2,12,23,15
1549984500000,8-0009,18875508127,1,13,0755,2019,2,12,23,15
1549984500000,23-0016,18875508131,1,13,0755,2019,2,12,23,15
1549984500000,19-0004,18875508132,1,13,0755,2019,2,12,23,15
1549984500000,17-0019,18875508142,1,13,0755,2019,2,12,23,15
1549984500000,14-0009,18875508145,1,13,0755,2019,2,12,23,15
1549984500000,13-0012,18875508162,1,13,0755,2019,2,12,23,15
1549984500000,8-0005,18875508164,1,13,0755,2019,2,12,23,15
1549984500000,6-0013,18875508166,1,13,0755,2019,2,12,23,15
1549984500000,10-0013,18875508176,1,13,0755,2019,2,12,23,15
1549984500000,14-0018,18875508192,1,13,0755,2019,2,12,23,15
1549984500000,12-0007,18875508220,1,13,0755,2019,2,12,23,15
1549984500000,20-0016,18875508250,0,0,0,2019,2,12,23,15
1549984500000,6-0002,18875508253,1,13,0755,2019,2,12,23,15
1549984500000,8-0010,18875508259,1,13,0755,2019,2,12,23,15
1549984500000,7-0007,18875508265,1,13,0755,2019,2,12,23,15
1549984500000,14-0011,18875508282,1,13,0755,2019,2,12,23,15
1549984500000,13-0015,18875508297,1,13,0755,2019,2,12,23,15
1549984500000,13-0000,18875508300,1,13,0755,2019,2,12,23,15
1549984500000,14-0002,18875508336,1,13,0755,2019,2,12,23,15
1549984500000,22-0004,18875508344,1,13,0755,2019,2,12,23,15
1549984500000,21-0015,18875508370,1,13,0755,2019,2,12,23,15
1549984500000,11-0000,18875508372,1,13,0755,2019,2,12,23,15
1549984500000,17-0001,18875508377,1,13,0755,2019,2,12,23,15
1549984500000,10-0018,18875508381,1,13,0755,2019,2,12,23,15
1549984500000,18-0016,18875508386,1,13,0755,2019,2,12,23,15
1549984500000,22-0008,18875508388,1,13,0755,2019,2,12,23,15
1549984500000,18-0003,18875508390,1,13,0755,2019,2,12,23,15
1549984500000,8-0004,18875508394,1,13,0755,2019,2,12,23,15
1549984500000,7-0015,18875508395,1,13,0755,2019,2,12,23,15
1549984500000,16-0008,18875508402,3,10,0,2019,2,12,23,15
1549984500000,16-0007,18875508409,1,13,0755,2019,2,12,23,15
1549984500000,10-0019,18875508414,2,13,0750,2019,2,12,23,15
1549984500000,24-0014,18875508424,1,13,0755,2019,2,12,23,15
1549984500000,23-0001,18875508440,1,13,0755,2019,2,12,23,15
1549984500000,9-0018,18875508441,1,13,0755,2019,2,12,23,15
1549984500000,14-0016,18875508443,1,13,0755,2019,2,12,23,15
1549984500000,4-0011,18875508464,1,13,0755,2019,2,12,23,15
1549984500000,5-0007,18875508478,1,13,0755,2019,2,12,23,15
1549984500000,5-0009,18875508486,1,13,0755,2019,2,12,23,15
1549984500000,16-0009,18875508491,1,13,0755,2019,2,12,23,15
1549984500000,8-0010,18875508499,1,13,0755,2019,2,12,23,15
1549984500000,9-0004,18875508515,2,13,0758,2019,2,12,23,15
1549984500000,24-0002,18875508516,2,13,0753,2019,2,12,23,15
1549984500000,21-0006,18875508519,1,13,0755,2019,2,12,23,15
1549984500000,24-0002,18875508529,1,13,0755,2019,2,12,23,15
1549984500000,12-0011,18875508531,1,13,0755,2019,2,12,23,15
1549984500000,19-0000,18875508537,1,13,0755,2019,2,12,23,15
1549984500000,22-0009,18875508542,1,13,0755,2019,2,12,23,15
1549984500000,10-0018,18875508543,1,13,0755,2019,2,12,23,15
1549984500000,4-0017,18875508598,1,13,0755,2019,2,12,23,15
1549984500000,11-0016,18875508606,3,21,0,2019,2,12,23,15
1549984500000,22-0015,18875508609,1,13,0755,2019,2,12,23,15
1549984500000,12-0008,18875508615,2,13,0758,2019,2,12,23,15
1549984500000,17-0006,18875508629,1,13,0755,2019,2,12,23,15
1549984500000,11-0007,18875508635,1,13,0755,2019,2,12,23,15
1549984500000,19-0004,18875508639,1,13,0755,2019,2,12,23,15
1549984500000,7-0009,18875508640,1,13,0755,2019,2,12,23,15
1549984500000,9-0015,18875508664,1,13,0755,2019,2,12,23,15
1549984500000,17-0012,18875508676,1,13,0755,2019,2,12,23,15
1549984500000,7-0018,18875508713,2,13,020,2019,2,12,23,15
1549984500000,17-0017,18875508714,2,13,0750,2019,2,12,23,15
1549984500000,19-0016,18875508721,1,13,0755,2019,2,12,23,15
1549984500000,5-0010,18875508731,1,13,0755,2019,2,12,23,15
1549984500000,12-0001,18875508733,1,13,0755,2019,2,12,23,15
1549984500000,12-0007,18875508746,1,13,0755,2019,2,12,23,15
1549984500000,5-0015,18875508751,1,13,0755,2019,2,12,23,15
1549984500000,19-0015,18875508754,1,13,0755,2019,2,12,23,15
1549984500000,15-0003,18875508782,1,13,0755,2019,2,12,23,15
1549984500000,19-0007,18875508795,1,13,0755,2019,2,12,23,15
1549984500000,20-0002,18875508801,4,0,0,2019,2,12,23,15
1549984500000,18-0011,18875508802,3,10,0,2019,2,12,23,15
1549984500000,22-0017,18875508805,3,14,0,2019,2,12,23,15
1549984500000,20-0018,18875508806,3,21,0,2019,2,12,23,15
1549984500000,6-0008,18875508811,1,13,0755,2019,2,12,23,15
1549984500000,11-0015,18875508832,1,13,0755,2019,2,12,23,15
1549984500000,12-0003,18875508843,1,13,0755,2019,2,12,23,15
1549984500000,19-0017,18875508848,1,13,0755,2019,2,12,23,15
1549984500000,9-0006,18875508853,1,13,0755,2019,2,12,23,15
1549984500000,13-0007,18875508863,1,13,0755,2019,2,12,23,15
1549984500000,7-0008,18875508887,1,13,0755,2019,2,12,23,15
1549984500000,4-0003,18875508888,1,13,0755,2019,2,12,23,15
1549984500000,20-0007,18875508896,1,13,0755,2019,2,12,23,15
1549984500000,10-0014,18875508899,1,13,0755,2019,2,12,23,15
1549984500000,12-0006,18875508906,3,21,0,2019,2,12,23,15
1549984500000,20-0007,18875508922,1,13,0755,2019,2,12,23,15
1549984500000,20-0018,18875508926,1,13,0755,2019,2,12,23,15
1549984500000,18-0005,18875508933,1,13,0755,2019,2,12,23,15
1549984500000,16-0016,18875508939,1,13,0755,2019,2,12,23,15
1549984500000,15-0019,18875508941,1,13,0755,2019,2,12,23,15
1549984500000,8-0001,18875508955,1,13,0755,2019,2,12,23,15
1549984500000,22-0019,18875508959,1,13,0755,2019,2,12,23,15
1549984500000,5-0018,18875508964,1,13,0755,2019,2,12,23,15
1549984500000,8-0005,18875508965,1,13,0755,2019,2,12,23,15
1549984500000,5-0018,18875508968,1,13,0755,2019,2,12,23,15
1549984500000,19-0001,18875508975,1,13,0755,2019,2,12,23,15
1549984500000,5-0014,18875508977,1,13,0755,2019,2,12,23,15
1549984500000,4-0009,18875508979,1,13,0755,2019,2,12,23,15
1549984500000,16-0008,18875508998,1,13,0755,2019,2,12,23,15
1549984500000,10-0001,18875508999,1,13,0755,2019,2,12,23,15
1549984500000,4-0002,18875509000,1,13,0755,2019,2,12,23,15
1549984500000,4-0002,18875509010,1,13,0755,2019,2,12,23,15
1549984500000,11-0017,18875509011,1,13,0755,2019,2,12,23,15
1549984500000,19-0012,18875509029,1,13,0755,2019,2,12,23,15
1549984500000,10-0009,18875509037,1,13,0755,2019,2,12,23,15
1549984500000,6-0012,18875509049,1,13,0755,2019,2,12,23,15
1549984500000,16-0010,18875509059,1,13,0755,2019,2,12,23,15
1549984500000,12-0018,18875509064,1,13,0755,2019,2,12,23,15
1549984500000,5-0009,18875509107,3,22,0,2019,2,12,23,15
1549984500000,8-0010,18875509143,1,13,0755,2019,2,12,23,15
1549984500000,6-0015,18875509148,1,13,0755,2019,2,12,23,15
1549984500000,15-0007,18875509152,1,13,0755,2019,2,12,23,15
1549984500000,24-0001,18875509153,1,13,0755,2019,2,12,23,15
1549984500000,6-0000,18875509160,1,13,0755,2019,2,12,23,15
1549984500000,9-0019,18875509166,1,13,0755,2019,2,12,23,15
1549984500000,19-0013,18875509176,1,13,0755,2019,2,12,23,15
1549984500000,5-0012,18875509191,1,13,0755,2019,2,12,23,15
1549984500000,16-0004,18875509195,1,13,0755,2019,2,12,23,15
1549984500000,13-0009,18875509199,1,13,0755,2019,2,12,23,15
1549984500000,19-0003,18875509203,3,11,0,2019,2,12,23,15
1549984500000,13-0019,18875509208,3,24,0,2019,2,12,23,15
1549984500000,18-0012,18875509210,1,13,0755,2019,2,12,23,15
1549984500000,7-0017,18875509216,2,13,0753,2019,2,12,23,15
1549984500000,15-0015,18875509222,1,13,0755,2019,2,12,23,15
1549984500000,17-0004,18875509224,1,13,0755,2019,2,12,23,15
1549984500000,20-0016,18875509228,1,13,0755,2019,2,12,23,15
1549984500000,9-0009,18875509230,1,13,0755,2019,2,12,23,15
1549984500000,8-0001,18875509242,1,13,0755,2019,2,12,23,15
1549984500000,21-0007,18875509249,1,13,0755,2019,2,12,23,15
1549984500000,15-0003,18875509270,1,13,0755,2019,2,12,23,15
1549984500000,6-0009,18875509285,1,13,0755,2019,2,12,23,15
1549984500000,21-0007,18875509290,1,13,0755,2019,2,12,23,15
1549984500000,5-0003,18875509300,1,13,0755,2019,2,12,23,15
1549984500000,10-0005,18875509301,4,0,0,2019,2,12,23,15
1549984500000,8-0019,18875509310,1,13,0755,2019,2,12,23,15
1549984500000,16-0018,18875509313,2,13,020,2019,2,12,23,15
1549984500000,22-0001,18875509319,1,13,0755,2019,2,12,23,15
1549984500000,14-0000,18875509320,1,13,0755,2019,2,12,23,15
1549984500000,9-0002,18875509364,1,13,0755,2019,2,12,23,15
1549984500000,22-0002,18875509374,1,13,0755,2019,2,12,23,15
1549984500000,16-0009,18875509389,1,13,0755,2019,2,12,23,15
1549984500000,7-0002,18875509391,1,13,0755,2019,2,12,23,15
1549984500000,9-0002,18875509395,1,13,0755,2019,2,12,23,15
1549984500000,9-0009,18875509400,1,13,0755,2019,2,12,23,15
1549984500000,12-0009,18875509410,1,13,0755,2019,2,12,23,15
1549984500000,13-0007,18875509417,2,13,0752,2019,2,12,23,15
1549984500000,15-0008,18875509418,2,13,0757,2019,2,12,23,15
1549984500000,4-0004,18875509432,1,13,0755,2019,2,12,23,15
1549984500000,9-0000,18875509439,1,13,0755,2019,2,12,23,15
1549984500000,9-0004,18875509459,1,13,0755,2019,2,12,23,15
1549984500000,16-0005,18875509476,1,13,0755,2019,2,12,23,15
1549984500000,16-0009,18875509477,1,13,0755,2019,2,12,23,15
1549984500000,23-0000,18875509479,1,13,0755,2019,2,12,23,15
1549984500000,22-0010,18875509495,1,13,0755,2019,2,12,23,15
1549984500000,5-0003,18875509499,1,13,0755,2019,2,12,23,15
1549984500000,8-0002,18875509517,2,13,0752,2019,2,12,23,15
1549984500000,17-0002,18875509524,1,13,0755,2019,2,12,23,15
1549984500000,6-0012,18875509533,1,13,0755,2019,2,12,23,15
1549984500000,18-0018,18875509544,1,13,0755,2019,2,12,23,15
1549984500000,5-0016,18875509560,1,13,0755,2019,2,12,23,15
1549984500000,14-0008,18875509566,1,13,0755,2019,2,12,23,15
1549984500000,6-0015,18875509569,1,13,0755,2019,2,12,23,15
1549984500000,15-0007,18875509579,1,13,0755,2019,2,12,23,15
1549984500000,21-0004,18875509583,1,13,0755,2019,2,12,23,15
1549984500000,4-0010,18875509590,1,13,0755,2019,2,12,23,15
1549984500000,18-0012,18875509596,1,13,0755,2019,2,12,23,15
1549984500000,11-0009,18875509598,1,13,0755,2019,2,12,23,15
1549984500000,18-0017,18875509606,3,21,0,2019,2,12,23,15
1549984500000,19-0012,18875509611,1,13,0755,2019,2,12,23,15
1549984500000,11-0011,18875509623,1,13,0755,2019,2,12,23,15
1549984500000,10-0019,18875509631,1,13,0755,2019,2,12,23,15
1549984500000,23-0019,18875509634,1,13,0755,2019,2,12,23,15
1549984500000,15-0006,18875509652,1,13,0755,2019,2,12,23,15
1549984500000,19-0012,18875509653,1,13,0755,2019,2,12,23,15
1549984500000,24-0000,18875509655,1,13,0755,2019,2,12,23,15
1549984500000,15-0012,18875509657,1,13,0755,2019,2,12,23,15
1549984500000,22-0006,18875509665,1,13,0755,2019,2,12,23,15
1549984500000,10-0008,18875509669,1,13,0755,2019,2,12,23,15
1549984500000,12-0019,18875509672,1,13,0755,2019,2,12,23,15
1549984500000,10-0008,18875509676,1,13,0755,2019,2,12,23,15
1549984500000,23-0008,18875509677,1,13,0755,2019,2,12,23,15
1549984500000,20-0006,18875509679,1,13,0755,2019,2,12,23,15
1549984500000,7-0010,18875509689,1,13,0755,2019,2,12,23,15
1549984500000,20-0012,18875509710,1,13,0755,2019,2,12,23,15
1549984500000,18-0002,18875509716,2,13,0753,2019,2,12,23,15
1549984500000,21-0014,18875509722,1,13,0755,2019,2,12,23,15
1549984500000,11-0015,18875509739,1,13,0755,2019,2,12,23,15
1549984500000,8-0000,18875509743,1,13,0755,2019,2,12,23,15
1549984500000,19-0008,18875509747,1,13,0755,2019,2,12,23,15
1549984500000,21-0017,18875509751,1,13,0755,2019,2,12,23,15
1549984500000,14-0015,18875509752,1,13,0755,2019,2,12,23,15
1549984500000,7-0013,18875509770,1,13,0755,2019,2,12,23,15
1549984500000,6-0001,18875509779,1,13,0755,2019,2,12,23,15
1549984500000,19-0010,18875509785,1,13,0755,2019,2,12,23,15
1549984500000,16-0006,18875509797,1,13,0755,2019,2,12,23,15
1549984500000,4-0002,18875509802,3,10,0,2019,2,12,23,15
1549984500000,21-0001,18875509803,3,11,0,2019,2,12,23,15
1549984500000,5-0006,18875509807,3,22,0,2019,2,12,23,15
1549984500000,17-0004,18875509822,1,13,0755,2019,2,12,23,15
1549984500000,21-0014,18875509840,1,13,0755,2019,2,12,23,15
1549984500000,13-0014,18875509845,1,13,0755,2019,2,12,23,15
1549984500000,5-0005,18875509848,1,13,0755,2019,2,12,23,15
1549984500000,10-0010,18875509852,1,13,0755,2019,2,12,23,15
1549984500000,21-0002,18875509853,1,13,0755,2019,2,12,23,15
1549984500000,21-0005,18875509857,1,13,0755,2019,2,12,23,15
1549984500000,16-0012,18875509860,1,13,0755,2019,2,12,23,15
1549984500000,16-0013,18875509862,1,13,0755,2019,2,12,23,15
1549984500000,12-0004,18875509867,1,13,0755,2019,2,12,23,15
1549984500000,19-0000,18875509868,1,13,0755,2019,2,12,23,15
1549984500000,18-0006,18875509874,1,13,0755,2019,2,12,23,15
1549984500000,14-0013,18875509880,1,13,0755,2019,2,12,23,15
1549984500000,23-0016,18875509882,1,13,0755,2019,2,12,23,15
1549984500000,17-0006,18875509900,1,13,0755,2019,2,12,23,15
1549984500000,5-0012,18875509914,2,13,0750,2019,2,12,23,15
1549984500000,14-0014,18875509917,2,13,0752,2019,2,12,23,15
1549984500000,4-0016,18875509921,1,13,0755,2019,2,12,23,15
1549984500000,21-0006,18875509923,1,13,0755,2019,2,12,23,15
1549984500000,7-0008,18875509927,1,13,0755,2019,2,12,23,15
1549984500000,15-0001,18875509939,1,13,0755,2019,2,12,23,15
1549984500000,12-0018,18875509942,1,13,0755,2019,2,12,23,15
1549984500000,6-0011,18875509952,1,13,0755,2019,2,12,23,15
1549984500000,12-0008,18875509954,1,13,0755,2019,2,12,23,15
1549984500000,12-0004,18875509956,1,13,0755,2019,2,12,23,15
1549984500000,15-0000,18875509963,1,13,0755,2019,2,12,23,15
1549984500000,10-0006,18875509964,1,13,0755,2019,2,12,23,15
1549984500000,14-0017,18875509969,1,13,0755,2019,2,12,23,15
1549984500000,9-0007,18875509970,1,13,0755,2019,2,12,23,15
