1549900800000,12-0006,18875500091,1,13,0755,2019,2,12,0,0
1549900800000,22-0002,18875500118,2,13,0757,2019,2,12,0,0
1549900800000,22-0007,18875500157,1,13,0755,2019,2,12,0,0
1549900800000,15-0014,18875500224,1,13,0755,2019,2,12,0,0
1549900800000,15-0000,18875500271,1,13,0755,2019,2,12,0,0
1549900800000,4-0019,18875500497,1,13,0755,2019,2,12,0,0
1549900800000,6-0011,18875500594,1,13,0755,2019,2,12,0,0
1549900800000,7-0003,18875500621,1,13,0755,2019,2,12,0,0
1549900800000,20-0012,18875500652,1,13,0755,2019,2,12,0,0
1549900800000,8-0016,18875500906,3,21,0,2019,2,12,0,0
1549900800000,22-0010,18875500949,1,13,0755,2019,2,12,0,0
1549900800000,4-0017,18875501138,1,13,0755,2019,2,12,0,0
1549900800000,8-0013,18875501239,1,13,0755,2019,2,12,0,0
1549900800000,22-0002,18875501275,1,13,0755,2019,2,12,0,0
1549900800000,19-0011,18875501283,1,13,0755,2019,2,12,0,0
1549900800000,16-0014,18875501289,1,13,0755,2019,2,12,0,0
1549900800000,12-0005,18875501290,1,13,0755,2019,2,12,0,0
1549900800000,11-0006,18875501509,1,13,0755,2019,2,12,0,0
1549900800000,6-0010,18875501579,1,13,0755,2019,2,12,0,0
1549900800000,12-0003,18875501621,1,13,0755,2019,2,12,0,0
1549900800000,4-0005,18875501790,1,13,0755,2019,2,12,0,0
1549900800000,6-0009,18875501870,1,13,0755,2019,2,12,0,0
1549900800000,21-0010,18875501973,1,13,0755,2019,2,12,0,0
1549900800000,10-0009,18875502053,1,13,0755,2019,2,12,0,0
1549900800000,12-0015,18875502061,1,13,0755,2019,2,12,0,0
1549900800000,9-0008,18875502117,2,13,0752,2019,2,12,0,0
1549900800000,18-0019,18875502363,1,13,0755,2019,2,12,0,0
1549900800000,13-0014,18875502407,3,22,0,2019,2,12,0,0
1549900800000,24-0017,18875502662,1,13,0755,2019,2,12,0,0
1549900800000,13-0016,18875502744,1,13,0755,2019,2,12,0,0
1549900800000,17-0017,18875502811,1,13,0755,2019,2,12,0,0
1549900800000,17-0003,18875502899,1,13,0755,2019,2,12,0,0
1549900800000,9-0014,18875502963,1,13,0755,2019,2,12,0,0
1549900800000,7-0008,18875502967,1,13,0755,2019,2,12,0,0
1549900800000,22-0002,18875503538,1,13,0755,2019,2,12,0,0
1549900800000,12-0010,18875503560,1,13,0755,2019,2,12,0,0
1549900800000,22-0018,18875503589,1,13,0755,2019,2,12,0,0
1549900800000,20-0014,18875503659,1,13,0755,2019,2,12,0,0
1549900800000,24-0012,18875503660,1,13,0755,2019,2,12,0,0
1549900800000,6-0009,18875503901,4,0,0,2019,2,12,0,0
1549900800000,19-0019,18875503974,1,13,0755,2019,2,12,0,0
1549900800000,16-0006,18875504178,1,13,0755,2019,2,12,0,0
1549900800000,7-0002,18875504342,1,13,0755,2019,2,12,0,0
1549900800000,11-0007,18875504395,1,13,0755,2019,2,12,0,0
1549900800000,4-0007,18875504532,1,13,0755,2019,2,12,0,0
1549900800000,24-0005,18875504713,2,13,020,2019,2,12,0,0
1549900800000,12-0012,18875504736,1,13,0755,2019,2,12,0,0
1549900800000,21-0002,18875504905,3,14,0,2019,2,12,0,0
1549900800000,16-0017,18875504925,1,13,0755,2019,2,12,0,0
1549900800000,15-0011,18875505118,2,13,0757,2019,2,12,0,0
1549900800000,23-0003,18875505138,1,13,0755,2019,2,12,0,0
1549900800000,16-0009,18875505157,1,13,0755,2019,2,12,0,0
1549900800000,10-0001,18875505299,1,13,0755,2019,2,12,0,0
1549900800000,21-0001,18875505427,1,13,0755,2019,2,12,0,0
1549900800000,21-0000,18875505499,1,13,0755,2019,2,12,0,0
1549900800000,4-0018,18875505770,1,13,0755,2019,2,12,0,0
1549900800000,11-0015,18875506081,1,13,0755,2019,2,12,0,0
1549900800000,6-0002,18875506116,2,13,0753,2019,2,12,0,0
1549900800000,22-0018,18875506129,1,13,0755,2019,2,12,0,0
1549900800000,22-0014,18875506167,1,13,0755,2019,2,12,0,0
1549900800000,15-0015,18875506248,1,13,0755,2019,2,12,0,0
1549900800000,16-0007,18875506311,1,13,0755,2019,2,12,0,0
1549900800000,9-0017,18875506357,1,13,0755,2019,2,12,0,0
1549900800000,22-0007,18875506391,1,13,0755,2019,2,12,0,0
1549900800000,16-0014,18875506439,1,13,0755,2019,2,12,0,0
1549900800000,7-0001,18875506482,1,13,0755,2019,2,12,0,0
1549900800000,20-0014,18875506626,1,13,0755,2019,2,12,0,0
1549900800000,21-0017,18875506639,1,13,0755,2019,2,12,0,0
1549900800000,21-0010,18875506662,1,13,0755,2019,2,12,0,0
1549900800000,7-0011,18875506698,1,13,0755,2019,2,12,0,0
1549900800000,18-0012,18875506706,3,21,0,2019,2,12,0,0
1549900800000,24-0012,18875506714,2,13,0750,2019,2,12,0,0
1549900800000,12-0019,18875506907,3,22,0,2019,2,12,0,0
1549900800000,13-0019,18875506972,1,13,0755,2019,2,12,0,0
1549900800000,12-0014,18875507026,1,13,0755,2019,2,12,0,0
1549900800000,19-0012,18875507041,1,13,0755,2019,2,12,0,0
1549900800000,12-0014,18875507184,1,13,0755,2019,2,12,0,0
1549900800000,9-0015,18875507264,1,13,0755,2019,2,12,0,0
1549900800000,4-0014,18875507286,1,13,0755,2019,2,12,0,0
1549900800000,21-0001,18875507320,1,13,0755,2019,2,12,0,0
1549900800000,14-0016,18875507559,1,13,0755,2019,2,12,0,0
1549900800000,7-0009,18875507816,2,13,0753,2019,2,12,0,0
1549900800000,15-0018,18875507880,1,13,0755,2019,2,12,0,0
1549900800000,5-0007,18875507900,1,13,0755,2019,2,12,0,0
1549900800000,23-0018,18875508076,1,13,0755,2019,2,12,0,0
1549900800000,22-0000,18875508079,1,13,0755,2019,2,12,0,0
1549900800000,9-0001,18875508328,1,13,0755,2019,2,12,0,0
1549900800000,16-0008,18875508338,1,13,0755,2019,2,12,0,0
1549900800000,10-0019,18875508414,2,13,0750,2019,2,12,0,0
1549900800000,19-0019,18875508455,1,13,0755,2019,2,12,0,0
1549900800000,12-0007,18875508497,1,13,0755,2019,2,12,0,0
1549900800000,17-0000,18875508550,0,0,0,2019,2,12,0,0
1549900800000,23-0001,18875508562,1,13,0755,2019,2,12,0,0
1549900800000,20-0011,18875508931,1,13,0755,2019,2,12,0,0
1549900800000,11-0001,18875508938,1,13,0755,2019,2,12,0,0
1549900800000,24-0015,18875509001,4,0,0,2019,2,12,0,0
1549900800000,22-0014,18875509112,1,13,0755,2019,2,12,0,0
1549900800000,22-0011,18875509438,1,13,0755,2019,2,12,0,0
1549900800000,4-0009,18875509920,1,13,0755,2019,2,12,0,0
